DATASET_MULTIBAR
SEPARATOR COMMA
DATASET_LABEL, abundance

#define colors for each individual field column (use hexadecimal, RGB or RGBA notation; if using RGB/RGBA, COMMA cannot be used as SEPARATOR)
FIELD_COLORS,#ffe119,#3cb44b,#0082c8,#ffe119,#f58231,#ffe119,#911eb4,#d2f53c,#911eb4,#008080,#fabebe,#46f0f0,#aa6e28,#808000,#d2f53c,#3cb44b,#ffe119,#ffd8b1,#ffe119,#808080,#aaffc3,#aa6e28,#000080,#ffd8b1,#f58231,#f58231,#FFFFFF,#808080,#808000,#008080,#46f0f0,#000080,#808000,#e6194b,#fabebe,#f58231,#e6194b,#f58231,#808080
FIELD_LABELS,cen04,Iowa_agricultural01.3,Permafrost_Russia13.3,cen05,cen06,cen07,Mangrove70.3,Illinois_soil91.3,Mangrove02.3,Illinois_soybean40.3,Disney_preserve18.3,Permafrost_Canada23.3,California_grassland62.3,Brazilian_forest39.3,Illinois_soil88.3,Iowa_agricultural00.3,cen01,Iowa_corn22.3,cen03,Iowa_prairie76.3,cen17,California_grassland15.3,Minnesota_creek45.3,Iowa_corn23.3,cen15,cen16,Wyoming_soil22.3,Iowa_prairie72.3,Brazilian_forest54.3,Illinois_soybean42.3,Permafrost_Canada45.3,Minnesota_creek46.3,Brazilian_forest95.3,cen10,Disney_preserve25.3,cen14,cen13,cen12,Iowa_prairie75.3

#dataset scale: you can simply set the values where the scale will be drawn
DATASET_SCALE,0.00,0.015,0.03,0.06

LEGEND_TITLE,Sample
LEGEND_SHAPES,1,1,1,1,1,1,1,1,1,1,1,1,1,1,1,1,1
LEGEND_COLORS,#808000,#aa6e28,#f58231,#e6194b,#ffe119,#aaffc3,#fabebe,#d2f53c,#008080,#3cb44b,#ffd8b1,#808080,#911eb4,#000080,#46f0f0,#0082c8,#FFFFFF
LEGEND_LABELS,Brazilian forest,California grassland,Centralia active (<50C),Centralia active (>50C),Centralia recovered,Centralia reference,Disney preserve,Illinois soil,Illinois soybean,Iowa agricultural,Iowa corn,Iowa prairie,Mangrove,Minnesota creek,Permafrost Canada,Permafrost Russia,Wyoming soil

DATA
OTU_0001,0,0,0,0,0,0,0,0,0.00763358778625954,0,0,0,0,0,0,0,0,0,0,0,0,0,0,0,0,0,0,0,0,0,0,0,0,0,0,0,0,0,0
OTU_0002,0.00816802800466744,0,0,0,0.00174216027874564,0.00198216055500496,0,0,0,0,0,0,0,0,0,0,0,0,0,0,0,0,0,0,0.000637348629700446,0.00106157112526539,0,0,0,0,0,0,0,0,0,0.00687830687830688,0,0,0
OTU_0003,0,0,0,0,0,0,0,0,0,0,0,0,0,0,0,0,0,0,0,0,0,0,0,0,0.00637348629700446,0.00583864118895966,0,0,0,0,0,0,0,0.00168976005407232,0,0,0,0,0
OTU_0004,0,0,0,0,0.00261324041811847,0.00297324083250743,0,0,0,0,0,0,0,0,0,0,0,0,0,0,0,0,0,0,0,0,0,0,0,0,0,0,0,0,0,0,0,0,0
OTU_0005,0,0,0,0,0,0,0,0,0,0,0,0,0,0,0,0,0,0,0,0,0,0,0,0,0,0.00159235668789809,0,0,0,0,0,0,0,0,0,0,0,0,0
OTU_0006,0,0,0,0,0,0,0,0,0,0,0,0,0,0,0,0,0,0,0,0,0,0,0,0,0.0133843212237094,0.00132696390658174,0,0,0,0,0,0,0,0.00168976005407232,0,0,0.00089126559714795,0.0110192837465565,0
OTU_0007,0,0,0,0,0,0,0,0,0,0,0,0.00468384074941452,0,0,0,0,0,0,0,0,0,0,0,0,0,0,0,0,0,0,0.0268292682926829,0,0,0,0,0,0,0,0
OTU_0008,0,0,0.00240963855421687,0,0,0,0,0,0,0,0,0,0,0,0,0,0,0,0,0,0,0,0,0,0,0,0,0,0,0,0,0,0,0,0,0,0,0,0
OTU_0009,0,0,0,0,0,0,0,0,0,0,0,0,0,0,0,0,0,0,0,0,0,0,0,0,0,0,0,0,0,0,0,0,0,0,0,0,0.0129233511586453,0,0
OTU_0010,0,0,0,0,0,0,0,0,0.0229007633587786,0,0,0,0,0,0,0,0,0,0,0,0,0,0,0,0,0,0,0,0,0,0,0,0,0,0,0,0,0,0
OTU_0011,0,0,0,0,0,0,0,0,0.0114503816793893,0,0,0,0,0,0,0,0,0,0,0,0,0,0,0,0,0,0,0,0,0,0,0,0,0,0,0,0,0,0
OTU_0012,0,0,0,0,0,0,0,0,0,0,0,0.00936768149882904,0,0,0,0,0,0,0,0,0,0,0,0,0,0,0,0,0,0,0.024390243902439,0,0,0,0,0,0,0,0
OTU_0013,0,0,0,0,0,0.00594648166501487,0,0,0,0,0,0,0,0,0,0,0,0,0,0,0,0,0,0,0,0,0,0,0,0,0,0,0,0,0,0,0,0,0
OTU_0014,0,0,0,0,0,0,0,0,0,0,0,0,0,0,0,0,0,0,0,0,0,0,0,0,0.0165710643722116,0,0,0,0,0,0,0,0,0,0,0,0,0.0068870523415978,0
OTU_0015,0,0,0,0,0,0,0,0,0.00763358778625954,0,0,0,0,0,0,0,0,0,0,0,0,0,0,0,0,0,0,0,0,0,0,0,0,0,0,0,0,0,0
OTU_0016,0,0,0,0.00686947988223749,0.000871080139372822,0,0,0,0,0,0.00836820083682008,0,0,0,0,0,0,0,0.00251466890192791,0,0,0,0,0,0.00573613766730402,0.00663481953290871,0,0,0,0,0,0,0,0,0,0,0,0.00413223140495868,0
OTU_0017,0,0,0,0,0,0,0,0,0,0,0,0,0,0,0,0,0,0,0,0,0,0,0,0,0,0,0,0,0,0,0,0,0,0,0.0625,0.000529100529100529,0,0,0
OTU_0018,0,0,0,0,0,0,0,0,0.00763358778625954,0,0,0,0,0,0,0,0,0,0,0,0,0,0,0,0,0,0,0,0,0,0,0,0,0,0,0,0,0,0
OTU_0019,0,0,0,0,0,0,0,0,0,0,0,0.0140515222482436,0,0,0,0,0,0,0,0,0,0,0,0,0,0,0,0,0,0,0.0926829268292683,0,0,0,0,0,0,0,0
OTU_0020,0,0,0,0,0,0,0,0,0,0,0,0,0,0,0,0,0,0,0,0,0,0,0,0,0,0.00159235668789809,0,0,0,0,0,0,0,0,0,0,0,0.0032139577594123,0
OTU_0021,0.00700116686114352,0,0,0,0,0,0,0,0,0,0,0,0,0,0,0,0,0,0,0,0,0,0,0,0,0,0,0,0,0,0,0,0,0,0,0,0,0,0
OTU_0022,0.00466744457409568,0,0,0,0,0,0,0,0,0,0,0,0,0,0,0,0,0,0,0,0,0,0,0,0,0,0,0,0,0,0,0,0,0,0,0,0,0,0
OTU_0023,0,0,0,0,0,0,0,0,0.0763358778625954,0,0,0,0,0,0,0,0,0,0,0,0,0,0,0,0,0,0,0,0,0,0,0,0,0,0,0,0,0,0
OTU_0024,0.00116686114352392,0,0,0,0,0,0,0,0,0,0,0,0,0,0,0,0,0,0,0,0,0,0,0,0,0.00106157112526539,0,0,0,0,0,0,0,0,0,0,0,0,0
OTU_0025,0.0198366394399067,0,0,0,0,0.00198216055500496,0,0,0,0,0,0,0,0,0,0,0.00288739172281039,0,0,0,0,0,0,0,0,0,0,0,0,0,0,0,0,0,0,0,0,0,0
OTU_0026,0.00233372228704784,0,0,0.0127576054955839,0.000871080139372822,0.00792864222001982,0,0,0,0,0,0,0,0,0,0,0,0,0.00335289186923722,0,0,0,0,0,0,0,0,0,0,0,0,0,0,0,0,0,0,0,0
OTU_0027,0,0,0,0,0,0,0,0,0,0,0,0,0,0,0,0,0,0,0,0,0,0,0,0,0,0.0334394904458599,0,0,0,0,0,0,0,0,0,0,0,0,0
OTU_0028,0,0,0,0,0,0,0,0,0.0114503816793893,0,0,0,0,0,0,0,0,0,0,0,0,0,0,0,0,0,0,0,0,0,0,0,0,0,0,0,0,0,0
OTU_0029,0,0,0,0,0,0,0,0,0,0,0,0,0,0,0,0,0,0,0,0,0,0,0,0,0,0,0,0,0,0,0,0,0,0.00236566407570125,0,0,0,0.000918273645546373,0
OTU_0030,0,0,0,0,0,0,0,0,0,0,0.0209205020920502,0,0,0,0,0,0,0,0,0,0,0,0,0,0,0,0,0,0,0,0,0,0,0,0,0,0,0,0
OTU_0031,0,0,0,0,0,0,0,0,0,0,0,0,0,0,0,0,0,0,0,0,0,0,0,0,0,0,0,0,0,0,0,0,0,0.00101385603244339,0,0.0100529100529101,0,0,0
OTU_0032,0,0,0,0,0,0,0,0,0,0,0,0,0,0,0,0,0,0,0,0,0,0,0,0,0,0.00159235668789809,0,0,0,0,0,0,0,0,0,0,0,0,0
OTU_0033,0,0,0,0,0,0,0,0,0,0,0,0,0,0,0,0,0,0,0,0,0,0,0,0,0,0,0,0,0,0,0,0,0,0,0,0,0.00623885918003565,0,0
OTU_0034,0,0,0,0.00196270853778214,0.000871080139372822,0,0,0,0,0,0,0,0,0,0,0,0,0,0,0,0,0,0,0,0,0.000796178343949045,0,0,0,0,0,0,0,0,0,0,0,0,0
OTU_0035,0,0,0,0,0,0.00396432111000991,0,0,0,0,0,0,0,0,0,0,0,0,0,0,0,0,0,0,0,0,0,0,0,0,0,0,0,0,0,0,0,0,0
OTU_0036,0.00233372228704784,0,0,0,0,0.00198216055500496,0,0,0,0,0,0,0,0,0,0,0,0,0.00419111483654652,0,0,0,0,0,0,0,0,0,0,0,0,0,0,0,0,0,0,0,0
OTU_0037,0,0,0.00963855421686747,0,0,0,0,0,0,0,0,0,0,0,0,0,0,0,0,0,0,0,0,0,0,0,0,0,0,0,0,0,0,0,0,0,0,0,0
OTU_0038,0,0,0,0,0,0,0,0,0,0,0,0,0,0,0,0,0,0,0,0,0,0,0,0,0,0.00106157112526539,0,0,0,0,0,0,0,0,0,0,0,0,0
OTU_0039,0,0,0,0.00196270853778214,0,0,0,0,0,0,0,0,0,0,0,0,0,0,0,0,0,0,0,0,0,0,0,0,0,0,0,0,0,0,0,0,0,0,0
OTU_0040,0,0,0,0,0,0,0,0,0.0152671755725191,0,0,0,0,0,0,0,0,0,0,0,0,0,0,0,0,0,0,0,0,0,0,0,0,0,0,0,0,0,0
OTU_0041,0,0,0,0,0,0,0,0,0,0,0,0,0,0,0,0,0,0,0,0,0,0,0,0,0,0.000530785562632696,0,0,0,0,0,0,0,0,0,0,0,0.000918273645546373,0
OTU_0042,0,0,0,0,0,0,0,0,0,0,0,0,0,0,0,0,0,0,0,0,0.00519930675909879,0,0,0,0,0.00185774946921444,0,0,0,0,0,0,0,0,0,0,0,0,0
OTU_0043,0,0,0,0,0,0,0,0,0,0,0,0,0,0,0,0,0,0,0,0,0,0,0,0,0.00892288081580625,0.00636942675159236,0,0,0,0,0,0,0,0,0,0.00317460317460317,0,0,0
OTU_0044,0,0,0,0,0,0,0,0,0.0152671755725191,0,0,0,0,0,0,0,0,0,0,0,0,0,0,0,0,0,0,0,0,0,0,0,0,0,0,0,0,0,0
OTU_0045,0,0,0,0,0,0,0,0,0,0,0,0,0,0,0,0,0,0,0,0,0,0,0,0,0,0.00132696390658174,0,0,0,0,0,0,0,0,0,0,0,0,0
OTU_0046,0,0,0,0,0,0,0,0,0,0,0,0,0,0,0,0,0,0,0,0,0,0,0,0,0,0.0581210191082803,0,0,0,0,0,0,0,0,0,0,0,0,0
OTU_0047,0.00700116686114352,0,0,0.00490677134445535,0,0,0,0,0,0,0.00836820083682008,0,0,0,0,0,0.00481231953801732,0,0,0,0,0,0,0,0,0,0,0,0,0,0,0,0,0,0,0.00317460317460317,0,0,0
OTU_0048,0,0,0,0,0,0,0,0,0,0,0,0,0,0,0,0,0,0,0,0,0,0,0,0,0,0.000796178343949045,0,0,0,0,0,0,0,0.00168976005407232,0,0.00105820105820106,0,0,0
OTU_0049,0,0,0,0,0,0,0,0,0.00763358778625954,0,0,0,0,0,0,0,0,0,0,0,0,0,0,0,0,0,0,0,0,0,0,0,0,0,0,0,0,0,0
OTU_0050,0,0,0,0,0,0,0,0,0,0,0,0,0,0,0,0,0,0,0,0,0,0,0,0,0,0.000265392781316348,0,0,0,0,0,0,0,0,0,0.00105820105820106,0,0,0
OTU_0051,0,0,0.0602409638554217,0,0,0,0,0,0,0,0,0,0,0,0,0,0,0,0,0,0,0,0,0,0,0,0,0,0,0,0,0,0,0,0,0,0,0,0
OTU_0052,0.00700116686114352,0,0,0,0,0,0,0,0,0,0,0,0,0,0,0,0,0,0,0,0,0,0,0,0,0,0,0,0,0,0,0,0,0,0,0,0,0,0
OTU_0053,0,0,0,0,0,0,0,0,0,0,0,0,0,0,0,0,0,0,0,0,0,0,0,0,0,0,0,0,0,0,0,0,0,0.00439337614058804,0,0,0,0,0
OTU_0054,0.0058343057176196,0,0,0,0,0,0,0,0,0,0,0,0,0,0,0,0.00288739172281039,0,0,0,0,0,0,0,0,0,0,0,0,0,0,0,0,0,0,0,0,0,0
OTU_0055,0,0,0,0,0,0,0,0,0,0,0,0,0,0,0,0,0,0,0,0,0,0,0,0,0,0,0,0,0,0,0,0,0,0.0152078404866509,0,0,0,0,0
OTU_0056,0,0,0,0,0,0,0,0,0,0,0,0,0,0,0,0,0,0,0,0,0,0,0,0,0,0,0,0,0,0,0,0,0,0,0,0,0.0053475935828877,0,0
OTU_0057,0.00466744457409568,0,0,0,0,0,0,0,0,0,0,0,0,0,0,0,0,0,0,0,0,0,0,0,0,0,0,0,0,0,0,0,0,0,0,0,0,0,0
OTU_0058,0,0,0,0,0,0,0,0,0,0,0,0,0,0,0,0,0,0,0,0,0.00519930675909879,0,0,0,0,0,0,0,0,0,0,0,0,0,0,0,0,0,0
OTU_0059,0,0,0,0,0,0,0,0,0.00763358778625954,0,0,0,0,0,0,0,0,0,0,0,0,0,0,0,0,0,0,0,0,0,0,0,0,0,0,0,0,0,0
OTU_0060,0.00466744457409568,0,0,0.0117762512266928,0,0,0,0,0,0,0,0,0,0,0,0,0,0,0.00167644593461861,0,0,0,0,0,0,0.00185774946921444,0,0,0,0,0,0,0,0,0,0,0,0,0
OTU_0061,0,0,0.0144578313253012,0,0,0,0,0,0,0,0,0,0,0,0,0,0,0,0,0,0,0,0,0,0,0,0,0,0,0,0,0,0,0,0,0,0,0,0
OTU_0062,0.0455075845974329,0,0,0,0,0,0,0,0,0,0,0,0,0,0,0,0,0,0,0,0,0,0,0,0,0,0,0,0,0,0,0,0,0,0,0,0,0,0
OTU_0063,0,0,0,0,0,0,0,0,0,0,0,0,0,0,0,0,0,0,0,0,0,0,0,0,0,0.00212314225053079,0,0,0,0,0,0,0,0,0,0,0,0,0
OTU_0064,0.00116686114352392,0,0,0,0,0,0,0,0,0,0,0,0,0,0,0,0.000962463907603465,0,0.00251466890192791,0,0,0,0,0,0,0,0,0,0,0,0,0,0,0,0,0,0,0,0
OTU_0065,0.0105017502917153,0,0,0.00196270853778214,0,0,0,0,0,0,0,0,0,0,0,0,0.00577478344562079,0,0.00419111483654652,0,0.00173310225303293,0,0,0,0,0,0,0,0,0,0,0,0,0,0,0,0,0,0
OTU_0066,0,0,0,0,0,0,0,0,0,0,0.00836820083682008,0,0,0,0,0,0,0,0,0,0,0,0,0,0,0,0,0,0,0,0,0,0,0,0.03125,0,0,0,0
OTU_0067,0,0,0,0,0,0,0,0,0,0,0,0,0,0,0,0,0,0,0,0,0,0,0,0,0,0.000530785562632696,0,0,0,0,0,0,0,0,0,0,0,0,0
OTU_0068,0,0,0,0,0,0,0,0,0.0229007633587786,0,0,0,0,0,0,0,0,0,0,0,0,0,0,0,0,0,0,0,0,0,0,0,0,0,0,0,0,0,0
OTU_0069,0,0,0,0.00294406280667321,0,0,0,0,0,0,0,0,0,0,0,0,0,0,0,0,0,0,0,0,0,0,0,0,0,0,0,0,0,0,0,0,0,0,0
OTU_0070,0,0,0,0,0,0,0,0,0.0458015267175573,0,0,0,0,0,0,0,0,0,0,0,0,0,0,0,0,0,0,0,0,0,0,0,0,0,0,0,0,0,0
OTU_0071,0,0,0.0216867469879518,0,0,0,0,0,0,0,0,0,0,0,0,0,0,0,0,0,0,0,0,0,0,0,0,0,0,0,0,0,0,0,0,0,0,0,0
OTU_0072,0,0,0,0,0.00261324041811847,0.00396432111000991,0,0,0,0,0,0,0,0,0,0,0,0,0,0,0,0,0,0,0.00127469725940089,0,0,0,0,0,0,0,0,0,0,0,0,0,0
OTU_0073,0,0,0,0,0.0165505226480836,0,0,0,0,0,0,0,0,0,0,0,0,0,0,0,0,0,0,0,0.0331421287444232,0.00132696390658174,0,0,0,0,0,0,0,0,0,0,0,0,0
OTU_0074,0,0,0,0,0.00261324041811847,0,0,0,0,0,0,0,0,0,0,0,0,0,0,0,0,0,0,0,0.00318674314850223,0.00185774946921444,0,0,0,0,0,0,0,0,0,0,0,0.00229568411386593,0
OTU_0075,0.00466744457409568,0,0,0,0,0,0,0,0,0,0,0,0,0,0,0,0.00288739172281039,0,0,0,0,0,0,0,0,0,0,0,0,0,0,0,0,0,0,0,0,0,0
OTU_0076,0,0,0,0,0,0,0,0,0,0,0,0,0,0,0,0,0,0,0,0,0,0,0,0,0,0.00132696390658174,0,0,0,0,0,0,0,0,0,0,0,0,0
OTU_0077,0,0,0,0,0,0,0,0,0.0152671755725191,0,0,0,0,0,0,0,0,0,0,0,0,0,0,0,0,0,0,0,0,0,0,0,0,0,0,0,0,0,0
OTU_0078,0,0,0,0,0.214285714285714,0,0,0,0,0,0,0,0,0,0,0,0,0,0.0284995808885163,0,0,0,0,0,0.0140216698534098,0,0,0,0,0,0,0,0,0.00506928016221697,0,0,0,0.0307621671258035,0
OTU_0079,0,0,0,0,0,0,0,0,0,0,0,0,0,0,0,0,0,0,0,0,0,0,0,0,0,0.00371549893842887,0,0,0,0,0,0,0,0,0,0,0,0,0
OTU_0080,0,0,0,0,0.00609756097560976,0.00396432111000991,0,0,0,0,0,0,0,0,0,0,0,0,0.00502933780385583,0,0,0,0,0,0.0165710643722116,0.00743099787685775,0,0,0,0,0,0,0,0,0,0.00687830687830688,0,0.0068870523415978,0
OTU_0081,0,0,0,0,0,0,0,0,0,0,0,0,0,0,0,0,0,0,0,0,0,0,0,0,0,0.0124734607218684,0,0,0,0,0,0,0,0,0,0,0,0,0
OTU_0082,0,0,0,0,0,0,0,0,0,0,0,0,0,0,0,0,0,0,0,0,0,0,0,0,0,0,0,0,0,0,0.0609756097560976,0,0,0,0,0,0,0,0
OTU_0083,0.00466744457409568,0,0,0.0107948969578018,0,0,0,0,0,0,0,0,0,0,0,0,0,0,0,0,0,0,0,0,0,0,0,0,0,0,0,0,0,0,0,0,0,0,0
OTU_0084,0.029171528588098,0,0,0,0,0,0,0,0,0,0,0,0,0,0,0,0.00866217516843118,0,0,0,0,0,0,0,0,0,0,0,0,0,0,0,0,0,0,0,0,0,0
OTU_0085,0,0,0,0,0.00174216027874564,0,0,0,0,0,0,0,0,0,0,0,0,0,0,0,0,0,0,0,0.00191204588910134,0.000796178343949045,0,0,0,0,0,0,0,0,0,0.00158730158730159,0,0,0
OTU_0086,0.015169194865811,0,0,0.00294406280667321,0.00174216027874564,0.00991080277502478,0,0,0,0,0,0,0,0,0,0,0,0,0.00670578373847443,0,0,0,0,0,0,0.00159235668789809,0,0,0,0,0,0,0,0,0,0,0,0,0
OTU_0087,0,0,0,0,0,0,0,0,0,0,0,0,0,0,0,0.0280898876404494,0,0,0,0,0,0,0,0,0,0,0,0,0,0,0,0,0,0,0,0,0,0,0
OTU_0088,0,0,0,0,0,0,0,0,0,0,0,0,0,0,0,0,0,0,0,0,0,0,0,0,0,0,0,0,0,0,0,0,0,0.00270361608651571,0,0,0,0,0
OTU_0089,0,0,0,0,0,0,0,0,0,0,0,0,0,0,0,0,0,0,0,0,0,0,0,0,0.00191204588910134,0,0,0,0,0,0,0,0,0.0665765461304495,0,0.0037037037037037,0,0.0206611570247934,0
OTU_0090,0,0,0,0,0.00174216027874564,0,0,0,0,0,0,0,0,0,0,0,0.00481231953801732,0,0,0,0,0,0,0,0,0,0,0,0,0,0,0,0,0,0,0,0,0,0
OTU_0091,0,0,0,0,0,0,0,0,0,0,0,0,0,0,0,0,0.00384985563041386,0,0,0,0,0,0,0,0,0,0,0,0,0,0,0,0,0,0,0,0,0,0
OTU_0092,0.00466744457409568,0,0,0,0,0,0,0,0,0,0,0,0,0,0,0,0,0,0.00167644593461861,0,0,0,0,0,0,0.00345010615711253,0,0,0,0,0,0,0,0,0,0,0,0,0
OTU_0093,0.00350058343057176,0,0,0.00196270853778214,0.00609756097560976,0,0,0,0,0,0,0,0,0,0,0,0,0,0.00251466890192791,0,0,0,0,0,0,0,0,0,0,0,0,0,0,0,0,0,0,0,0
OTU_0094,0,0,0,0,0,0,0,0,0,0,0,0,0,0,0,0,0,0,0,0,0,0,0,0,0.00191204588910134,0.00185774946921444,0,0,0,0,0,0,0,0,0,0.00158730158730159,0,0,0
OTU_0095,0,0,0,0,0,0,0,0,0,0,0,0,0,0,0,0,0.00384985563041386,0,0.00419111483654652,0,0.00173310225303293,0,0,0,0,0,0,0,0,0,0,0,0,0,0,0,0,0,0
OTU_0096,0,0,0,0,0,0,0,0,0,0,0,0,0,0,0,0,0,0,0,0,0,0,0,0,0.011472275334608,0.00212314225053079,0,0,0,0,0,0,0,0.00270361608651571,0,0.0111111111111111,0,0.00229568411386593,0
OTU_0097,0,0,0,0.00196270853778214,0,0,0,0,0,0,0,0,0,0,0,0,0,0,0.00251466890192791,0,0,0,0,0,0,0,0,0,0,0,0,0,0,0,0,0,0,0,0
OTU_0098,0,0,0,0,0,0,0,0,0,0,0,0,0,0,0,0,0.0240615976900866,0,0,0,0.00346620450606586,0,0,0,0,0,0,0,0,0,0,0,0,0,0,0,0,0,0
OTU_0099,0,0,0,0,0,0,0,0,0,0,0,0.00234192037470726,0,0,0,0,0,0,0,0,0,0,0,0,0,0,0,0,0,0,0.0804878048780488,0,0,0,0,0,0,0,0
OTU_0100,0,0,0,0,0,0,0,0,0,0,0,0,0,0,0,0,0,0,0,0,0,0,0,0,0.00191204588910134,0.000530785562632696,0,0,0,0,0,0,0,0,0,0.00158730158730159,0,0,0
OTU_0101,0,0,0,0,0,0,0,0,0,0,0,0,0,0,0,0,0,0,0,0,0.00866551126516464,0,0,0,0,0,0,0,0,0,0,0,0,0,0,0.00105820105820106,0,0,0
OTU_0102,0,0,0,0,0,0,0,0,0,0,0,0,0,0,0,0,0,0,0,0,0,0,0,0,0,0,0,0,0,0,0,0,0,0.00540723217303143,0,0,0,0,0
OTU_0103,0,0,0,0,0.0200348432055749,0,0,0,0,0,0,0,0,0,0,0,0,0,0,0,0,0,0,0,0.0229445506692161,0.00238853503184713,0,0,0,0,0,0,0,0,0,0,0,0.163911845730028,0
OTU_0104,0,0,0,0,0,0,0,0,0,0,0,0,0,0,0,0,0,0,0,0,0,0,0,0,0.00127469725940089,0,0,0,0,0,0,0,0,0.000337952010814464,0,0,0,0.00413223140495868,0
OTU_0105,0,0,0,0.00294406280667321,0,0,0,0,0,0,0,0,0,0,0,0,0.000962463907603465,0,0,0,0,0,0,0,0,0,0,0,0,0,0,0,0,0,0,0,0,0,0
OTU_0106,0,0,0,0,0,0,0,0,0,0,0,0,0,0,0,0,0,0,0,0,0,0,0,0,0,0.00902335456475584,0,0,0,0,0,0,0,0,0,0.00582010582010582,0,0,0
OTU_0107,0,0,0,0,0,0,0,0,0,0,0,0,0,0,0,0,0.00288739172281039,0,0,0,0,0,0,0,0,0,0,0,0,0,0,0,0,0,0,0,0,0,0
OTU_0108,0,0,0,0,0,0,0,0,0.00381679389312977,0,0,0,0,0,0,0,0,0,0,0,0,0,0,0,0,0,0,0,0,0,0,0,0,0,0,0,0,0,0
OTU_0109,0,0,0,0.0098135426889107,0,0,0,0,0,0,0,0,0,0,0,0,0,0,0.00586756077116513,0,0,0,0,0,0,0,0,0,0,0,0,0,0,0,0,0,0,0,0
OTU_0110,0,0,0,0.00294406280667321,0,0,0,0,0,0,0,0,0,0,0,0,0,0,0,0,0,0,0,0,0,0,0,0,0,0,0,0,0,0,0,0,0,0,0
OTU_0111,0,0,0,0.00098135426889107,0.00348432055749129,0.0247770069375619,0,0,0,0,0,0,0,0,0,0,0,0,0,0,0,0,0,0,0,0,0,0,0,0,0,0,0,0,0,0,0,0,0
OTU_0112,0,0,0,0,0,0,0,0,0,0,0,0.00234192037470726,0,0,0,0,0,0,0,0,0,0,0,0,0,0,0,0,0,0,0.0926829268292683,0,0,0,0,0,0,0,0
OTU_0113,0.0210035005834306,0,0,0,0,0,0,0,0,0,0,0,0,0,0,0,0,0,0,0,0,0,0,0,0,0,0,0,0,0,0,0,0,0,0,0,0,0,0
OTU_0114,0.0058343057176196,0,0,0,0,0.0109018830525273,0,0,0,0,0,0,0,0,0,0,0,0,0,0,0,0,0,0,0,0,0,0,0,0,0,0,0,0,0,0,0,0,0
OTU_0115,0,0,0,0,0,0,0,0,0,0,0,0.00702576112412178,0,0,0,0,0,0,0,0,0,0,0,0,0,0,0,0,0,0,0.00975609756097561,0,0,0,0,0,0,0,0
OTU_0116,0,0,0.0192771084337349,0,0,0,0,0,0,0,0,0,0,0,0,0,0,0,0,0,0,0,0,0,0,0,0,0,0,0,0,0,0,0,0,0,0,0,0
OTU_0117,0,0,0.0265060240963855,0,0,0,0,0,0,0,0,0,0,0,0,0,0,0,0,0,0,0,0,0,0,0,0,0,0,0,0,0,0,0,0,0,0,0,0
OTU_0118,0.00700116686114352,0,0,0.00294406280667321,0,0,0,0,0,0,0,0,0,0,0,0,0,0,0,0,0,0,0,0,0,0,0,0,0,0,0,0,0,0,0,0,0,0,0
OTU_0119,0,0,0,0,0,0,0,0,0,0,0,0,0,0,0,0,0,0,0,0,0,0,0,0,0,0,0,0,0,0,0,0,0,0.00135180804325786,0,0,0,0,0
OTU_0120,0,0,0,0,0,0,0,0,0.00763358778625954,0,0,0,0,0,0,0,0,0,0,0,0,0,0,0,0,0,0,0,0,0,0,0,0,0,0,0,0,0,0
OTU_0121,0,0,0,0,0,0,0,0,0,0,0,0,0,0,0,0,0,0,0,0,0,0,0,0,0.0701083492670491,0,0,0,0,0,0,0,0,0,0,0.00952380952380952,0,0.0151515151515152,0
OTU_0122,0,0,0,0,0,0,0,0,0,0,0,0,0,0,0,0,0,0,0,0,0,0,0,0,0,0,0,0,0,0,0,0,0,0.00574518418384589,0,0,0,0,0
OTU_0123,0,0,0.0216867469879518,0,0,0,0,0,0,0,0,0,0,0,0,0,0,0,0,0,0,0,0,0,0,0,0,0,0,0,0,0,0,0,0,0,0,0,0
OTU_0124,0,0,0,0,0,0,0,0,0,0,0,0,0,0,0,0,0,0,0,0,0,0,0,0,0,0,0,0,0,0,0.0487804878048781,0,0,0,0,0,0,0,0
OTU_0125,0,0,0,0.00196270853778214,0,0,0,0,0,0,0,0,0,0,0,0,0,0,0,0,0,0,0,0,0,0,0,0,0,0,0,0,0,0,0,0,0,0,0
OTU_0126,0,0,0,0,0,0,0,0,0.0152671755725191,0,0,0,0,0,0,0,0,0,0,0,0,0,0,0,0,0,0,0,0,0,0,0,0,0,0,0,0,0,0
OTU_0127,0.00116686114352392,0,0,0,0,0,0,0,0,0,0,0,0,0,0,0,0,0,0,0,0,0,0,0,0,0.000530785562632696,0,0,0,0,0,0,0,0,0,0,0,0,0
OTU_0128,0.0058343057176196,0,0,0,0,0.00198216055500496,0,0,0,0,0,0,0,0,0,0,0,0,0,0,0,0,0,0,0,0,0,0,0,0,0,0,0,0,0,0,0,0,0
OTU_0129,0,0,0,0,0,0,0,0,0,0,0,0.0187353629976581,0,0,0,0,0,0,0,0,0,0,0,0,0,0,0,0,0,0,0.0317073170731707,0,0,0,0,0,0,0,0
OTU_0130,0,0,0,0,0,0,0,0,0,0,0,0,0,0,0,0,0,0,0,0,0,0,0,0,0,0,0,0,0,0,0,0,0,0.0192632646164245,0,0,0,0.00137741046831956,0
OTU_0131,0,0,0,0,0,0,0,0,0,0,0,0.0281030444964871,0,0,0,0,0,0,0,0,0,0,0,0,0,0,0,0,0,0,0.00975609756097561,0,0,0,0,0,0,0,0
OTU_0132,0,0,0.00481927710843374,0,0,0,0,0,0,0,0,0,0,0,0,0,0,0,0,0,0,0,0,0,0,0,0,0,0,0,0,0,0,0,0,0,0,0,0
OTU_0133,0,0,0,0,0,0,0,0,0.0458015267175573,0,0,0,0,0,0,0,0,0,0,0,0,0,0,0,0,0,0,0,0,0,0,0,0,0,0,0,0,0,0
OTU_0134,0,0,0,0,0,0,0,0,0,0,0,0,0,0,0,0,0,0,0,0,0,0,0,0,0,0,0,0,0,0,0,0,0,0,0,0,0.0138146167557932,0,0
OTU_0135,0,0,0,0,0,0,0,0,0.00381679389312977,0,0,0,0,0,0,0,0,0,0,0,0,0,0,0,0,0,0,0,0,0,0,0,0,0,0,0,0,0,0
OTU_0136,0,0,0,0,0,0,0,0,0.0114503816793893,0,0,0,0,0,0,0,0,0,0,0,0,0,0,0,0,0,0,0,0,0,0,0,0,0,0,0,0,0,0
OTU_0137,0,0,0,0,0,0,0,0,0,0,0,0.0585480093676815,0,0,0,0,0,0,0,0,0,0,0,0,0,0,0,0,0,0,0.0146341463414634,0,0,0,0,0,0,0,0
OTU_0138,0,0,0,0,0,0,0,0,0.00763358778625954,0,0,0,0,0,0,0,0,0,0,0,0,0,0,0,0,0,0,0,0,0,0,0,0,0,0,0,0,0,0
OTU_0139,0,0,0,0,0,0,0,0,0,0,0,0,0,0,0,0,0,0,0,0,0,0,0,0,0,0,0,0,0,0,0,0,0,0.00371747211895911,0,0,0,0,0
OTU_0140,0,0,0,0.00294406280667321,0,0,0,0,0,0,0,0,0,0,0,0,0.00288739172281039,0,0,0,0,0,0,0,0,0,0,0,0,0,0,0,0,0,0,0,0,0,0
OTU_0141,0,0,0,0,0,0,0,0,0,0,0,0,0,0,0,0,0,0,0,0,0,0,0,0,0.00254939451880178,0.0201698513800425,0,0,0,0,0,0,0,0,0,0,0,0,0
OTU_0142,0,0,0.0650602409638554,0,0,0,0,0,0,0,0,0,0,0,0,0,0,0,0,0,0,0,0,0,0,0,0,0,0,0,0,0,0,0,0,0,0,0,0
OTU_0143,0.00233372228704784,0,0,0,0,0.00396432111000991,0,0,0,0,0,0,0,0,0,0,0,0,0,0,0,0,0,0,0,0,0,0,0,0,0,0,0,0,0,0,0,0,0
OTU_0144,0.00233372228704784,0,0,0,0,0,0,0,0,0,0,0,0,0,0,0,0,0,0,0,0,0,0,0,0,0,0,0,0,0,0,0,0,0,0,0,0,0,0
OTU_0145,0,0,0,0,0,0,0,0,0,0,0,0,0,0,0,0,0,0,0,0,0,0.015625,0,0,0,0,0,0,0,0,0,0,0,0,0,0,0,0,0
OTU_0146,0,0,0,0,0,0.000991080277502478,0,0,0,0,0,0,0,0,0,0,0,0,0,0,0,0,0,0,0,0.00185774946921444,0,0,0,0,0,0,0,0,0,0,0,0,0
OTU_0147,0,0,0,0,0.00261324041811847,0,0,0,0,0,0,0,0,0,0,0,0,0,0,0,0,0,0,0,0,0.00238853503184713,0,0,0,0,0,0,0,0,0,0.000529100529100529,0,0,0
OTU_0148,0,0,0,0,0,0,0,0,0,0,0,0,0,0,0,0,0,0,0,0,0.0155979202772964,0,0,0,0,0,0,0,0,0,0,0,0,0,0,0,0,0,0
OTU_0149,0,0,0,0,0,0,0,0,0,0,0,0,0,0,0,0,0,0,0,0,0,0,0,0,0,0.00743099787685775,0,0,0,0,0,0,0,0,0,0.00687830687830688,0,0,0
OTU_0150,0,0,0,0,0,0,0,0,0.0419847328244275,0,0,0,0,0,0,0,0,0,0,0,0,0,0,0,0,0,0,0,0,0,0,0,0,0,0,0,0,0,0
OTU_0151,0,0,0,0,0,0,0,0,0.0267175572519084,0,0,0,0,0,0,0,0,0,0,0,0,0,0,0,0,0,0,0,0,0,0,0,0,0,0,0,0,0,0
OTU_0152,0,0,0,0,0,0,0,0,0,0,0,0,0,0,0,0,0,0,0,0,0,0,0,0,0,0.00291932059447983,0,0,0,0,0,0,0,0,0,0,0,0,0
OTU_0153,0,0,0,0,0,0,0,0,0,0,0,0,0,0,0,0,0,0,0,0,0,0,0,0,0,0,0,0,0,0,0,0,0,0.0209530246704968,0,0,0,0,0
OTU_0154,0,0,0,0,0,0,0,0,0,0,0,0,0,0,0,0,0,0,0,0,0,0,0,0,0.00956022944550669,0,0,0,0,0,0,0,0,0.00608313619466036,0,0.0412698412698413,0,0.0032139577594123,0
OTU_0155,0,0,0,0,0,0,0,0,0,0,0,0,0,0,0,0,0,0,0,0,0,0,0,0,0.00318674314850223,0.00345010615711253,0,0,0,0,0,0,0,0,0,0,0,0,0
OTU_0156,0,0,0,0.00196270853778214,0,0,0,0,0,0,0,0,0,0,0,0,0,0,0,0,0,0,0,0,0,0,0,0,0,0,0,0,0,0,0,0,0,0,0
OTU_0157,0,0,0.0240963855421687,0,0,0,0,0,0,0,0,0,0,0,0,0,0,0,0,0,0,0,0,0,0,0,0,0,0,0,0,0,0,0,0,0,0,0,0
OTU_0158,0,0,0,0,0,0,0,0,0,0,0,0,0,0,0,0,0,0,0,0,0,0,0,0,0.00318674314850223,0,0,0,0,0,0,0,0,0.0172355525515377,0,0.00899470899470899,0,0,0
OTU_0159,0.0280046674445741,0,0,0,0.000871080139372822,0,0,0,0,0,0,0,0,0,0,0,0,0,0,0,0,0,0,0,0,0,0,0,0,0,0,0,0,0,0,0,0,0,0
OTU_0160,0,0,0,0,0,0,0,0,0.00381679389312977,0,0,0,0,0,0,0,0,0,0,0,0,0,0,0,0,0,0,0,0,0,0,0,0,0,0,0,0,0,0
OTU_0161,0,0,0,0,0,0,0,0,0,0,0.0209205020920502,0,0,0,0,0,0,0,0,0,0,0,0,0,0,0.000265392781316348,0,0,0,0,0,0,0,0,0,0.00105820105820106,0,0,0
OTU_0162,0,0,0,0,0,0,0,0,0,0,0,0,0,0,0,0,0,0,0,0,0,0,0,0,0.00127469725940089,0,0,0,0,0,0,0,0,0,0,0,0,0.00137741046831956,0
OTU_0163,0.0058343057176196,0,0,0,0.00261324041811847,0,0,0,0,0,0,0,0,0,0,0.0168539325842697,0,0,0,0,0,0,0,0,0,0,0,0,0,0,0,0,0,0,0,0,0,0,0
OTU_0164,0,0,0,0,0,0,0,0,0,0,0,0,0,0,0,0,0,0,0,0,0,0,0,0,0,0.000796178343949045,0,0,0,0,0,0,0,0,0,0,0,0,0
OTU_0165,0,0,0,0,0,0,0,0,0,0,0,0,0.230769230769231,0,0,0,0,0,0,0,0,0.03125,0,0,0,0,0,0,0,0,0,0,0,0,0,0,0,0,0
OTU_0166,0,0,0,0,0,0,0,0,0,0,0,0,0,0,0,0,0,0,0,0,0,0,0,0,0,0.00291932059447983,0,0,0,0,0,0,0,0,0,0.00317460317460317,0.017379679144385,0,0
OTU_0167,0,0,0,0,0,0,0,0,0,0,0,0,0,0,0,0,0,0,0,0,0,0,0,0,0.00127469725940089,0.00557324840764331,0,0,0,0,0,0,0,0,0,0,0,0,0
OTU_0168,0,0,0,0.00686947988223749,0,0,0,0,0,0,0,0,0,0,0,0,0,0,0,0,0,0,0,0,0,0,0,0,0,0,0,0,0,0,0,0,0,0,0
OTU_0169,0,0,0,0,0,0,0,0,0,0,0,0,0,0,0,0,0,0,0,0,0,0,0,0,0,0,0.0108108108108108,0,0,0,0,0,0,0,0,0,0,0,0
OTU_0170,0,0,0,0,0,0,0,0,0,0,0,0,0,0,0,0,0,0,0,0,0,0,0,0,0,0,0,0,0,0,0,0,0,0.00135180804325786,0,0,0,0,0
OTU_0171,0,0,0,0,0,0,0,0,0.00763358778625954,0,0,0,0,0,0,0,0,0,0,0,0,0,0,0,0,0,0,0,0,0,0,0,0,0,0,0,0,0,0
OTU_0172,0,0,0,0,0,0,0,0,0,0,0,0,0,0,0,0,0,0,0,0,0,0,0,0,0,0.00398089171974522,0,0,0,0,0,0,0,0,0,0,0,0,0
OTU_0173,0,0,0,0,0,0,0,0,0,0,0.00418410041841004,0,0,0,0,0,0,0,0,0,0,0,0,0,0,0,0,0,0,0,0,0,0,0,0,0,0,0,0
OTU_0174,0,0,0,0,0,0,0,0,0.0229007633587786,0,0,0,0,0,0,0,0,0,0,0,0,0,0,0,0,0,0,0,0,0,0,0,0,0,0,0,0,0,0
OTU_0175,0,0,0,0,0,0,0,0,0,0,0,0,0,0,0,0,0.00288739172281039,0,0,0,0,0,0,0,0,0,0,0,0,0,0,0,0,0,0,0,0,0,0
OTU_0176,0.00233372228704784,0,0,0,0.0113240418118467,0,0,0,0,0,0,0,0,0,0,0,0,0,0.00251466890192791,0,0,0,0,0,0.00254939451880178,0,0,0,0,0,0,0,0,0,0,0,0,0,0
OTU_0177,0,0,0,0,0,0,0,0,0,0,0,0,0,0,0,0,0,0,0,0,0,0,0,0,0.0101975780752071,0,0,0,0,0,0,0,0,0.00540723217303143,0,0,0,0,0
OTU_0178,0.00233372228704784,0,0,0,0,0.00297324083250743,0,0,0,0,0,0,0,0,0,0,0.00192492781520693,0,0,0,0,0,0,0,0,0,0,0,0,0,0,0,0,0,0,0,0,0,0
OTU_0179,0,0,0,0,0,0,0,0,0,0,0,0,0,0,0,0,0,0,0,0,0,0,0,0,0.00318674314850223,0,0,0,0,0,0,0,0,0,0,0.0037037037037037,0,0.00229568411386593,0
OTU_0180,0.00116686114352392,0,0,0,0,0,0,0,0,0,0,0,0,0,0,0,0,0,0,0,0,0,0,0,0,0,0,0,0,0,0,0,0,0,0,0,0,0,0
OTU_0181,0,0,0,0,0.0078397212543554,0,0,0,0,0,0,0,0,0,0,0,0,0,0.00167644593461861,0,0,0,0,0,0.00764818355640535,0.00106157112526539,0,0,0,0,0,0,0,0,0,0,0,0.000918273645546373,0
OTU_0182,0,0,0,0,0,0,0,0,0,0,0,0,0,0,0,0,0,0,0,0,0,0,0,0,0,0.000530785562632696,0,0,0,0,0,0,0,0,0,0,0,0.000918273645546373,0
OTU_0183,0,0,0.0385542168674699,0,0,0,0,0,0,0,0,0,0,0,0,0,0,0,0,0,0,0,0,0,0,0,0,0,0,0,0,0,0,0,0,0,0,0,0
OTU_0184,0,0,0,0.00098135426889107,0,0,0,0,0,0,0,0,0,0,0,0,0,0,0,0,0,0,0,0,0,0,0,0,0,0,0,0,0,0,0,0,0,0,0
OTU_0185,0,0,0,0,0,0,0,0,0.0114503816793893,0,0,0,0,0,0,0,0,0,0,0,0,0,0,0,0,0,0,0,0,0,0,0,0,0,0,0,0,0,0
OTU_0186,0,0,0,0,0,0,0,0,0.00763358778625954,0,0,0,0,0,0,0,0,0,0,0,0,0,0,0,0,0,0,0,0,0,0,0,0,0,0,0,0,0,0
OTU_0187,0,0,0,0,0,0,0,0,0.0305343511450382,0,0,0,0,0,0,0,0,0,0,0,0,0,0,0,0,0,0,0,0,0,0,0,0,0,0,0,0,0,0
OTU_0188,0,0,0,0,0,0,0,0,0,0,0,0,0,0,0,0,0,0,0.000838222967309304,0,0,0,0,0,0,0.00159235668789809,0,0,0,0,0,0,0,0,0,0,0,0,0
OTU_0189,0,0,0,0,0,0,0,0,0,0,0,0,0,0,0,0,0.00288739172281039,0,0.00167644593461861,0,0,0,0,0,0,0,0,0,0,0,0,0,0,0,0,0,0,0,0
OTU_0190,0.00700116686114352,0,0,0,0,0,0,0,0,0,0,0,0,0,0,0,0,0,0,0,0,0,0,0,0,0,0,0,0,0,0,0,0,0,0,0,0,0,0
OTU_0191,0,0,0,0,0.00174216027874564,0,0,0,0,0,0,0,0,0,0,0,0,0,0.00167644593461861,0,0,0,0,0,0.00254939451880178,0,0,0,0,0,0,0,0,0.0331192970598175,0,0.0037037037037037,0,0.00642791551882461,0
OTU_0192,0.00466744457409568,0,0,0,0,0,0,0,0,0,0,0,0,0,0,0,0,0,0.00251466890192791,0,0.00173310225303293,0,0,0,0,0,0,0,0,0,0,0,0,0,0,0,0,0,0
OTU_0193,0,0,0,0,0,0,0,0,0.0190839694656489,0,0,0,0,0,0,0,0,0,0,0,0,0,0,0,0,0,0,0,0,0,0,0,0,0,0,0,0,0,0
OTU_0194,0,0,0,0,0,0.00297324083250743,0,0,0,0,0,0,0,0,0,0,0.00288739172281039,0,0,0,0,0,0,0,0,0,0,0,0,0,0,0,0,0,0,0,0,0,0
OTU_0195,0,0,0,0,0,0,0,0,0,0,0,0,0,0,0,0,0,0,0,0,0,0,0,0,0,0.00291932059447983,0,0,0,0,0,0,0,0,0,0,0,0,0
OTU_0196,0,0,0,0,0,0,0,0,0,0,0,0,0,0,0,0,0,0,0,0,0,0,0,0,0,0.00106157112526539,0,0,0,0,0,0,0,0,0,0,0,0,0
OTU_0197,0.00350058343057176,0,0,0.00294406280667321,0,0,0,0,0,0,0,0,0,0,0,0,0,0,0,0,0,0,0,0,0,0,0,0,0,0,0,0,0,0,0,0,0,0,0
OTU_0198,0,0,0,0,0,0,0,0,0,0,0,0,0,0,0,0,0,0,0,0,0,0,0,0,0,0,0,0,0,0,0,0,0,0,0,0,0,0.00550964187327824,0
OTU_0199,0,0,0,0,0,0,0,0,0,0,0,0,0,0,0,0,0.00192492781520693,0,0,0,0,0,0,0,0,0,0,0,0,0,0,0,0,0,0,0,0,0,0
OTU_0200,0,0,0.00481927710843374,0,0,0,0,0,0,0,0,0,0,0,0,0,0,0,0,0,0,0,0,0,0,0,0,0,0,0,0,0,0,0,0,0,0,0,0
OTU_0201,0,0,0,0,0,0,0,0,0.0190839694656489,0,0,0,0,0,0,0,0,0,0,0,0,0,0,0,0,0,0,0,0,0,0,0,0,0,0,0,0,0,0
OTU_0202,0.00233372228704784,0,0,0,0,0.000991080277502478,0,0,0,0,0,0,0,0,0,0,0,0,0.00251466890192791,0,0,0,0,0,0,0,0,0,0,0,0,0,0,0,0,0,0,0,0
OTU_0203,0.00116686114352392,0,0,0.00196270853778214,0,0,0,0,0,0,0,0,0,0,0,0,0.000962463907603465,0,0,0,0,0,0,0,0,0,0,0,0,0,0,0,0,0,0,0,0,0,0
OTU_0204,0,0,0,0,0,0,0,0,0,0,0,0,0,0,0,0,0,0,0,0,0,0,0,0,0,0,0,0,0,0,0,0,0,0,0,0.000529100529100529,0,0,0
OTU_0205,0,0,0,0,0,0,0,0,0,0,0,0,0,0,0,0,0,0,0,0,0,0,0,0,0,0,0,0,0,0,0,0,0,0.00675904021628929,0,0,0,0,0
OTU_0206,0,0,0,0,0.00174216027874564,0,0,0,0,0,0,0,0,0,0,0,0,0,0,0,0,0,0,0,0.0388782664117272,0,0,0,0,0,0,0,0,0,0,0.00158730158730159,0,0.0169880624426079,0
OTU_0207,0,0,0,0,0,0,0,0,0,0,0,0,0,0,0,0,0,0,0,0,0,0,0,0,0,0,0,0,0,0,0,0,0,0,0,0,0,0.0068870523415978,0
OTU_0208,0,0,0,0,0,0,0,0,0,0,0.00836820083682008,0,0,0,0,0,0,0,0,0,0,0,0,0,0,0,0,0,0,0,0,0,0,0,0,0,0,0,0
OTU_0209,0,0,0,0,0,0.00198216055500496,0,0,0,0,0,0,0,0,0,0,0.00288739172281039,0,0,0,0,0,0,0,0,0,0,0,0,0,0,0,0,0,0,0,0,0,0
OTU_0210,0,0,0,0,0,0,0,0,0,0,0,0,0,0,0,0,0,0,0,0,0,0,0,0,0,0,0,0,0,0,0,0,0,0.0358229131463332,0,0,0,0,0
OTU_0211,0.00233372228704784,0,0,0,0,0,0,0,0,0,0,0,0,0,0,0,0,0,0,0,0,0,0,0,0,0,0,0,0,0,0,0,0,0,0.03125,0,0,0,0
OTU_0212,0,0,0,0,0,0,0,0,0,0,0,0,0,0,0,0.0224719101123595,0,0,0,0,0,0,0,0,0,0,0,0,0,0,0,0,0,0,0,0,0,0,0
OTU_0213,0,0,0,0,0,0,0,0,0,0,0,0,0,0,0,0,0,0,0,0,0,0,0,0,0,0.000530785562632696,0,0,0,0,0,0,0,0,0,0,0,0,0
OTU_0214,0,0,0,0,0,0,0,0,0,0,0,0,0,0,0,0,0.00288739172281039,0,0,0,0,0,0,0,0,0,0,0,0,0,0,0,0,0,0,0,0,0,0
OTU_0215,0,0,0,0,0,0,0,0,0,0,0,0,0,0,0,0,0,0,0,0,0,0,0,0,0,0,0,0,0,0,0,0,0,0,0,0,0,0,0
OTU_0216,0,0,0,0.0107948969578018,0,0.000991080277502478,0,0,0,0,0,0,0,0,0,0,0,0,0,0,0,0,0,0,0,0,0,0,0,0,0,0,0,0,0,0,0,0,0
OTU_0217,0,0,0,0,0,0,0,0,0,0,0,0,0,0,0,0.0224719101123595,0,0,0,0,0,0,0,0,0,0,0,0,0,0,0,0,0,0,0,0,0,0,0
OTU_0218,0.00233372228704784,0,0,0,0,0,0,0,0,0,0,0,0,0,0,0.0112359550561798,0,0,0,0,0,0,0,0,0,0,0,0,0,0,0,0,0,0,0,0,0,0,0
OTU_0219,0.00350058343057176,0,0,0.00098135426889107,0,0,0,0,0,0,0,0,0,0,0,0,0,0,0,0,0,0,0,0,0,0,0,0,0,0,0,0,0,0,0,0,0,0,0
OTU_0220,0,0,0,0,0,0,0,0,0,0,0,0,0,0,0,0,0,0,0,0,0,0,0,0,0,0.0135350318471338,0,0,0,0,0,0,0,0,0,0,0,0,0
OTU_0221,0,0,0,0,0,0,0,0,0,0,0,0,0,0,0,0,0,0,0,0,0,0,0,0,0,0,0,0,0,0,0,0,0,0.00168976005407232,0,0,0,0,0
OTU_0222,0,0,0,0,0,0,0,0,0,0,0,0,0,0,0,0,0,0,0,0,0,0,0,0,0.00318674314850223,0,0,0,0,0,0,0,0,0,0,0.00158730158730159,0,0,0
OTU_0223,0.0116686114352392,0,0,0,0,0,0,0,0,0,0,0,0,0,0,0,0,0,0,0,0,0,0,0,0,0,0,0,0,0,0,0,0,0,0,0,0,0,0
OTU_0224,0,0,0,0,0,0,0,0,0,0,0,0,0,0,0,0,0,0,0,0,0,0,0,0,0.0210325047801147,0.000530785562632696,0,0,0,0,0,0,0,0,0,0,0,0,0
OTU_0225,0,0,0,0,0,0.000991080277502478,0,0,0,0,0,0,0,0,0,0,0,0,0,0,0,0,0,0,0,0.000796178343949045,0,0,0,0,0,0,0,0,0,0,0,0,0
OTU_0226,0,0,0,0.013738959764475,0,0,0,0,0,0,0,0,0,0,0,0,0,0,0,0,0,0,0,0,0,0,0,0,0,0,0,0,0,0,0,0,0,0,0
OTU_0227,0,0,0,0,0,0,0,0,0,0,0,0,0,0,0,0,0,0,0.010896898575021,0,0,0,0,0,0,0,0,0,0,0,0,0,0,0,0,0,0,0,0
OTU_0228,0,0,0,0,0,0,0,0,0,0,0,0,0,0,0,0,0,0,0,0,0,0,0,0,0,0,0,0,0,0,0,0,0,0,0,0.000529100529100529,0,0.000918273645546373,0
OTU_0229,0,0,0,0.00392541707556428,0,0,0,0,0,0,0,0,0,0,0,0,0,0,0,0,0,0,0,0,0,0,0,0,0,0,0,0,0,0,0,0,0,0,0
OTU_0230,0,0,0,0,0,0,0,0,0,0,0,0,0,0,0,0,0,0,0,0,0,0,0,0,0,0,0,0,0,0,0,0,0,0.00101385603244339,0,0,0,0,0
OTU_0231,0,0,0,0,0,0,0,0,0,0,0,0,0,0,0,0,0,0,0,0,0,0,0,0,0,0.00106157112526539,0,0,0,0,0,0,0,0,0,0,0,0,0
OTU_0232,0.00466744457409568,0,0,0.00196270853778214,0,0,0,0,0,0,0,0,0,0,0,0,0.0279114533205005,0,0,0,0,0,0,0,0,0,0,0,0,0,0,0,0,0,0,0,0,0,0
OTU_0233,0,0,0,0,0,0,0,0,0,0,0,0,0,0,0,0,0,0,0,0,0,0,0,0,0,0,0,0,0,0,0,0,0,0.00371747211895911,0,0,0,0,0
OTU_0234,0,0,0,0,0,0,0,0,0,0,0,0,0,0,0,0,0,0,0,0,0,0,0,0,0.00446144040790312,0.00371549893842887,0,0,0,0,0,0,0,0,0,0.00211640211640212,0,0.00229568411386593,0
OTU_0235,0,0,0.0072289156626506,0,0,0,0,0,0,0,0,0,0,0,0,0,0,0,0,0,0,0,0,0,0,0,0,0,0,0,0,0,0,0,0,0,0,0,0
OTU_0236,0,0,0,0,0,0,0,0,0,0,0,0,0,0,0,0,0,0,0,0,0,0,0,0,0,0,0,0,0,0,0,0,0,0,0,0,0.0102495543672014,0,0
OTU_0237,0,0,0,0,0,0,0,0,0,0,0,0,0,0,0,0,0,0,0,0,0,0,0,0,0,0.000530785562632696,0,0,0,0,0,0,0,0,0,0,0,0,0
OTU_0238,0,0,0,0,0.00174216027874564,0.00594648166501487,0,0,0,0,0,0,0,0,0,0,0.00192492781520693,0,0,0,0,0,0,0,0,0,0,0,0,0,0,0,0,0,0,0,0,0,0
OTU_0239,0,0,0,0,0,0,0,0,0,0,0,0,0,0,0,0,0,0,0.00586756077116513,0,0,0,0,0,0,0,0,0,0,0,0,0,0,0,0,0,0,0,0
OTU_0240,0,0,0,0,0,0,0,0,0.0305343511450382,0,0,0,0,0,0,0,0,0,0,0,0,0,0,0,0,0,0,0,0,0,0,0,0,0,0,0,0,0,0
OTU_0241,0,0,0,0,0,0,0,0,0.00763358778625954,0,0,0,0,0,0,0,0,0,0,0,0,0,0,0,0,0,0,0,0,0,0,0,0,0,0,0,0,0,0
OTU_0242,0.00233372228704784,0,0,0.00196270853778214,0,0.00297324083250743,0,0,0,0,0,0,0,0,0,0,0,0,0.00251466890192791,0,0,0,0,0,0,0,0,0,0,0,0,0,0,0,0,0,0,0,0
OTU_0243,0.00116686114352392,0,0,0,0,0.0237859266600595,0,0,0,0,0,0,0,0,0,0,0,0,0,0,0,0,0,0,0,0.00212314225053079,0,0,0,0,0,0,0,0,0,0,0,0,0
OTU_0244,0,0,0,0,0,0,0,0,0.00763358778625954,0,0,0,0,0,0,0,0,0,0,0,0,0,0,0,0,0,0,0,0,0,0,0,0,0,0,0,0,0,0
OTU_0245,0,0,0,0,0,0,0,0,0,0,0,0,0,0,0,0,0,0,0,0,0,0,0,0,0.00318674314850223,0,0,0,0,0,0,0,0,0.0108144643460629,0,0.00211640211640212,0,0.00229568411386593,0
OTU_0246,0,0,0,0,0,0,0,0,0,0,0,0,0,0,0,0,0,0,0,0,0,0,0,0,0,0,0,0,0,0,0,0,0,0,0,0,0,0,0
OTU_0247,0,0,0,0,0,0.000991080277502478,0,0,0,0,0,0,0,0,0,0,0,0,0,0,0,0,0,0,0,0,0,0,0,0,0,0,0,0,0,0,0,0.00137741046831956,0
OTU_0248,0.014002333722287,0,0,0,0,0,0,0,0,0,0,0,0,0,0,0,0,0,0,0,0,0,0,0,0,0,0,0,0,0,0,0,0,0,0,0,0,0,0
OTU_0249,0,0,0,0.00490677134445535,0,0.00396432111000991,0,0,0,0,0,0,0,0,0,0,0,0,0.00251466890192791,0,0,0,0,0,0,0,0,0,0,0,0,0,0,0,0,0,0,0,0
OTU_0250,0,0,0,0,0,0,0,0,0,0,0,0.0117096018735363,0,0,0,0,0,0,0,0,0,0,0,0,0,0,0,0,0,0,0.0219512195121951,0,0,0,0,0,0,0,0
OTU_0251,0,0,0,0,0,0,0,0,0,0,0,0,0,0,0,0,0,0,0,0,0,0,0,0,0,0,0,0,0,0,0,0,0,0,0,0,0.00222816399286988,0,0
OTU_0252,0,0,0,0,0,0,0,0,0,0,0,0,0,0,0,0,0,0,0,0,0,0,0,0,0,0,0,0,0,0,0,0,0,0,0,0,0,0.00137741046831956,0
OTU_0253,0,0,0,0,0.00958188153310104,0,0,0,0,0,0,0,0,0,0,0,0,0,0,0,0,0,0,0,0,0,0,0,0,0,0,0,0,0,0,0,0,0,0
OTU_0254,0,0,0,0,0,0,0,0,0,0,0,0,0,0,0,0,0,0,0,0,0,0,0,0,0,0,0,0,0,0,0,0,0,0.00202771206488679,0,0.00158730158730159,0,0.00780532598714417,0
OTU_0255,0,0,0,0,0,0,0,0,0,0,0,0,0,0,0,0,0,0,0,0,0,0,0,0,0.00254939451880178,0.00265392781316348,0,0,0,0,0,0,0,0,0,0.00105820105820106,0,0,0
OTU_0256,0,0,0,0,0,0,0,0,0,0,0,0,0,0,0,0,0,0,0,0,0,0,0,0,0.00191204588910134,0,0,0,0,0,0,0,0,0,0.03125,0,0,0,0
OTU_0257,0,0,0,0,0,0,0,0,0,0,0,0,0,0,0,0,0,0,0,0,0,0,0,0,0,0,0,0,0,0,0,0,0,0,0,0.00529100529100529,0,0,0
OTU_0258,0.00233372228704784,0,0,0,0,0,0,0,0,0,0,0,0,0,0,0,0,0,0,0,0,0,0,0,0,0,0,0,0,0,0,0,0,0.000675904021628929,0,0,0,0,0
OTU_0259,0.00350058343057176,0,0,0,0,0,0,0,0,0,0,0,0,0,0,0,0,0,0,0,0.00346620450606586,0,0,0,0,0,0,0,0,0,0,0,0,0,0,0,0,0,0
OTU_0260,0,0,0,0,0,0,0,0,0.0229007633587786,0,0,0,0,0,0,0,0,0,0,0,0,0,0,0,0,0,0,0,0,0,0,0,0,0,0,0,0,0,0
OTU_0261,0,0,0,0,0,0,0,0,0,0,0,0,0,0,0,0,0,0,0,0,0,0,0,0,0,0,0,0,0,0,0,0,0,0.00135180804325786,0,0,0,0.00459136822773186,0
OTU_0262,0,0,0,0,0,0,0,0,0,0,0,0,0,0,0,0,0,0,0,0,0,0,0,0,0.00127469725940089,0.0103503184713376,0,0,0,0,0,0,0,0,0,0.00158730158730159,0,0,0
OTU_0263,0,0,0,0.00196270853778214,0,0,0,0,0,0,0.00418410041841004,0,0,0,0,0,0,0,0,0,0,0,0,0,0,0,0,0,0,0,0,0,0,0,0,0,0,0,0
OTU_0264,0,0,0,0,0,0,0,0,0,0,0,0,0,0,0,0,0,0,0,0,0,0,0,0,0,0.00663481953290871,0,0,0,0,0,0,0,0,0,0,0,0,0
OTU_0265,0,0,0,0,0,0,0,0,0,0,0,0,0,0,0,0,0,0,0,0,0,0,0,0,0,0,0,0,0,0,0,0,0,0,0,0,0,0,0
OTU_0266,0.00116686114352392,0,0,0.00098135426889107,0,0,0,0,0,0,0,0,0,0,0,0,0,0,0.000838222967309304,0,0,0,0,0,0,0,0,0,0,0,0,0,0,0,0,0,0,0,0
OTU_0267,0,0,0,0,0,0,0,0,0,0,0.00418410041841004,0,0,0,0,0,0,0,0,0,0,0,0,0,0,0,0,0,0,0,0,0,0,0,0,0,0,0,0
OTU_0268,0,0,0,0,0,0,0,0,0.00763358778625954,0,0,0,0,0,0,0,0,0,0,0,0,0,0,0,0,0,0,0,0,0,0,0,0,0,0,0,0,0,0
OTU_0269,0,0,0.0144578313253012,0,0,0,0,0,0,0,0,0,0,0,0,0,0,0,0,0,0,0,0,0,0,0,0,0,0,0,0,0,0,0,0,0,0,0,0
OTU_0270,0.0256709451575263,0,0,0,0,0,0,0,0,0,0,0,0,0,0,0,0,0,0,0,0,0,0,0,0,0,0,0,0,0,0,0,0,0,0,0,0,0,0
OTU_0271,0,0,0,0,0,0,0,0,0,0,0,0,0,0,0,0,0,0,0,0,0,0,0,0,0,0,0,0,0,0,0.126829268292683,0,0,0,0,0,0,0,0
OTU_0272,0.00350058343057176,0,0,0.0117762512266928,0,0,0,0,0,0,0,0,0,0,0,0,0,0,0,0,0,0,0,0,0,0,0,0,0,0,0,0,0,0,0,0,0,0,0
OTU_0273,0,0,0,0.00196270853778214,0,0,0,0,0,0,0,0,0,0,0,0,0,0,0,0,0,0,0,0,0,0,0,0,0,0,0,0,0,0,0,0,0,0,0
OTU_0274,0,0,0,0,0,0,0,0,0.00381679389312977,0,0,0,0,0,0,0,0,0,0,0,0,0,0,0,0,0,0,0,0,0,0,0,0,0,0,0,0,0,0
OTU_0275,0,0,0,0,0,0,0,0,0,0,0,0,0,0,0,0,0.00673724735322425,0,0,0,0,0,0,0,0,0,0,0,0,0,0,0,0,0,0,0,0,0,0
OTU_0276,0,0,0,0,0,0,0,0,0.00763358778625954,0,0,0,0,0,0,0,0,0,0,0,0,0,0,0,0,0,0,0,0,0,0,0,0,0,0,0,0,0,0
OTU_0277,0,0,0.0168674698795181,0,0,0,0,0,0,0,0,0,0,0,0,0,0,0,0,0,0,0,0,0,0,0,0,0,0,0,0,0,0,0,0,0,0,0,0
OTU_0278,0,0,0,0.00098135426889107,0,0,0,0,0,0,0,0,0,0,0,0,0,0,0,0,0,0,0,0,0,0,0,0,0,0,0,0,0,0,0,0,0,0,0
OTU_0279,0,0,0,0,0,0,0,0,0.0152671755725191,0,0,0,0,0,0,0,0,0,0,0,0,0,0,0,0,0,0,0,0,0,0,0,0,0,0,0,0,0,0
OTU_0280,0.00466744457409568,0,0,0,0,0,0,0,0,0,0,0,0,0,0,0,0,0,0,0,0,0,0,0,0,0,0,0,0,0,0,0,0,0,0,0,0,0,0
OTU_0281,0,0,0,0,0,0.000991080277502478,0,0,0,0,0,0,0,0,0,0,0,0,0,0,0,0,0,0,0,0,0,0,0,0,0,0,0,0,0,0,0,0,0
OTU_0282,0,0,0,0,0,0,0,0,0,0,0,0,0,0,0,0,0,0,0,0,0,0,0,0,0.00191204588910134,0,0,0,0,0,0,0,0,0,0,0.00105820105820106,0,0.00137741046831956,0
OTU_0283,0,0,0,0,0,0,0,0,0,0,0,0,0,0,0,0,0,0,0,0,0.00346620450606586,0,0,0,0,0,0,0,0,0,0,0,0,0,0,0,0,0,0
OTU_0284,0,0,0,0,0,0,0,0,0,0,0,0,0,0,0,0,0,0,0,0,0,0,0,0,0,0.000530785562632696,0,0,0,0,0,0,0,0,0,0,0,0,0
OTU_0285,0,0,0.0192771084337349,0,0,0,0,0,0,0,0,0,0,0,0,0,0,0,0,0,0,0,0,0,0,0,0,0,0,0,0,0,0,0,0,0,0,0,0
OTU_0286,0,0,0,0,0,0,0,0,0.0114503816793893,0,0,0,0,0,0,0,0,0,0,0,0,0,0,0,0,0,0,0,0,0,0,0,0,0,0,0,0,0,0
OTU_0287,0,0,0,0,0,0,0,0,0,0,0,0,0,0,0,0,0,0,0,0,0,0,0,0,0.00509878903760357,0,0,0,0,0,0,0,0,0.00439337614058804,0,0,0,0.000918273645546373,0
OTU_0288,0,0,0,0,0,0,0,0,0,0,0,0,0,0,0,0,0,0,0,0,0,0,0,0,0,0.000265392781316348,0,0,0,0,0,0,0,0,0,0,0,0,0
OTU_0289,0,0,0.0216867469879518,0,0,0,0,0,0,0,0,0,0,0,0,0,0,0,0,0,0,0,0,0,0,0,0,0,0,0,0,0,0,0,0,0,0,0,0
OTU_0290,0,0,0,0,0,0.00792864222001982,0,0,0,0,0,0,0,0,0,0,0,0,0,0,0,0,0,0,0.0280433397068196,0,0,0,0,0,0,0,0,0,0,0,0,0.00459136822773186,0
OTU_0291,0,0,0,0,0,0,0,0,0,0,0,0,0,0,0,0,0,0,0,0,0,0,0,0,0,0,0,0,0,0,0,0,0,0,0,0.00158730158730159,0,0,0
OTU_0292,0,0,0,0,0,0,0,0,0,0,0,0,0,0,0,0,0,0,0,0,0,0,0,0,0,0,0,0,0,0,0,0,0,0.000675904021628929,0,0,0,0,0
OTU_0293,0,0,0,0,0,0,0,0,0.0114503816793893,0,0,0,0,0,0,0,0,0,0,0,0,0,0,0,0,0,0,0,0,0,0,0,0,0,0,0,0,0,0
OTU_0294,0,0,0,0,0,0,0,0,0,0,0,0,0,0,0,0,0,0,0,0,0,0,0,0,0,0,0,0,0,0,0,0,0,0.000675904021628929,0,0,0,0,0
OTU_0295,0,0,0,0,0,0,0,0,0,0,0,0,0,0,0,0,0,0,0,0,0,0,0,0,0,0,0,0,0,0,0,0,0,0.0047313281514025,0,0,0,0.000459136822773186,0
OTU_0296,0.00116686114352392,0,0,0,0,0,0,0,0,0,0,0,0,0,0,0,0,0,0,0,0,0,0,0,0,0.000265392781316348,0,0,0,0,0,0,0,0,0,0,0,0,0
OTU_0297,0.00466744457409568,0,0,0,0,0,0,0,0,0,0,0,0,0,0,0,0,0,0,0,0,0,0,0,0,0,0,0,0,0,0,0,0,0,0,0,0,0,0
OTU_0298,0.00466744457409568,0,0,0,0,0,0,0,0,0,0,0,0,0,0,0,0,0,0,0,0,0,0,0,0,0,0,0,0,0,0,0,0,0,0,0,0,0,0
OTU_0299,0,0,0,0.00294406280667321,0,0,0,0,0,0,0,0,0,0,0,0,0,0,0,0,0,0,0,0,0,0,0,0,0,0,0,0,0,0,0,0,0,0,0
OTU_0300,0,0,0,0,0,0,0,0,0,0,0,0,0,0,0,0,0,0,0,0,0,0,0,0,0.00191204588910134,0.000530785562632696,0,0,0,0,0,0,0,0.00236566407570125,0,0,0,0,0
OTU_0301,0,0,0.0120481927710843,0,0,0,0,0,0,0,0,0,0,0,0,0,0,0,0,0,0,0,0,0,0,0,0,0,0,0,0,0,0,0,0,0,0,0,0
OTU_0302,0,0,0,0,0,0,0,0,0,0,0,0,0,0,0,0,0.00481231953801732,0,0,0,0,0,0,0,0,0,0,0,0,0,0,0,0,0,0,0,0,0,0
OTU_0303,0,0,0.0168674698795181,0,0,0,0,0,0,0,0,0,0,0,0,0,0,0,0,0,0,0,0,0,0,0,0,0,0,0,0,0,0,0,0,0,0,0,0
OTU_0304,0,0,0,0,0,0,0,0,0,0,0,0,0,0,0,0,0,0,0,0,0,0,0,0,0,0.000265392781316348,0,0,0,0,0,0,0,0,0,0,0,0,0
OTU_0305,0,0,0,0,0,0,0,0,0,0,0,0,0,0,0,0,0,0,0,0,0,0,0,0,0,0,0,0,0,0,0,0,0,0.00168976005407232,0,0,0,0,0
OTU_0306,0,0,0,0,0,0,0,0,0,0,0,0,0,0,0,0,0,0,0,0,0,0,0,0,0,0,0,0,0,0,0,0,0,0,0,0,0,0,0
OTU_0307,0,0,0,0,0,0,0,0,0.00381679389312977,0,0,0,0,0,0,0,0,0,0,0,0,0,0,0,0,0,0,0,0,0,0,0,0,0,0,0,0,0,0
OTU_0308,0,0,0,0,0,0,0,0,0,0,0,0,0,0,0,0,0,0,0,0,0,0,0,0,0,0,0,0,0,0,0,0,0,0,0,0.00211640211640212,0,0,0
OTU_0309,0,0,0,0,0,0,0,0,0,0,0,0,0,0,0,0,0,0,0,0,0,0,0,0,0,0,0,0,0,0,0,0,0,0.00101385603244339,0,0,0,0,0
OTU_0310,0,0,0,0,0,0,0,0,0,0,0,0,0,0,0,0,0.00384985563041386,0,0,0,0,0,0,0,0,0,0,0,0,0,0,0,0,0,0,0,0,0,0
OTU_0311,0,0,0,0,0.000871080139372822,0,0,0,0,0,0,0,0,0,0,0,0,0,0,0,0,0,0,0,0,0,0,0,0,0,0,0,0,0,0,0,0,0,0
OTU_0312,0.00233372228704784,0,0,0,0,0,0,0,0,0,0,0,0,0,0,0,0,0,0,0,0,0,0,0,0,0,0,0,0,0,0,0,0,0,0,0,0,0,0
OTU_0313,0,0,0,0,0,0,0,0,0,0,0,0,0,0,0,0,0,0,0,0,0,0,0,0,0.00446144040790312,0,0,0,0,0,0,0,0,0.0104765123352484,0,0.00740740740740741,0,0,0
OTU_0314,0,0,0,0,0,0,0,0,0,0,0,0.00468384074941452,0,0,0,0,0,0,0,0,0,0,0,0,0,0,0,0,0,0,0,0,0,0,0,0,0,0,0
OTU_0315,0,0,0,0,0,0,0,0,0,0,0,0,0,0,0,0,0,0,0,0,0,0,0,0,0,0.000530785562632696,0,0,0,0,0,0,0,0,0,0.0037037037037037,0,0,0
OTU_0316,0,0,0,0,0,0,0,0,0,0,0,0,0,0,0,0,0,0,0,0,0,0,0,0,0,0,0,0,0,0,0,0,0,0.000675904021628929,0,0,0,0,0
OTU_0317,0,0,0,0.00098135426889107,0,0,0,0,0,0,0,0,0,0,0,0,0.00384985563041386,0,0,0,0,0,0,0,0,0,0,0,0,0,0,0,0,0,0,0,0,0,0
OTU_0318,0,0,0,0,0,0,0,0,0,0,0,0,0,0,0,0,0,0,0,0,0,0,0,0,0,0,0,0,0,0,0,0,0,0.00202771206488679,0,0,0,0,0
OTU_0319,0,0,0,0,0,0,0,0,0,0,0,0,0,0,0,0,0,0,0,0,0,0,0,0,0,0.00291932059447983,0,0,0,0,0,0,0,0,0,0,0.00311942959001783,0,0
OTU_0320,0,0,0,0,0.00261324041811847,0,0,0,0,0,0,0,0,0,0,0,0,0,0,0,0,0,0,0,0,0,0,0,0,0,0,0,0,0,0,0,0,0,0
OTU_0321,0,0,0,0.00196270853778214,0,0,0,0,0,0,0,0,0,0,0,0,0,0,0,0,0,0,0,0,0,0,0,0,0,0,0,0,0,0,0,0,0,0,0
OTU_0322,0,0,0,0,0,0,0,0,0,0,0,0,0,0,0,0,0,0,0,0,0,0,0,0,0,0,0,0,0,0,0,0,0,0,0,0,0,0,0
OTU_0323,0,0,0,0,0,0,0,0,0.0114503816793893,0,0,0,0,0,0,0,0,0,0,0,0,0,0,0,0,0,0,0,0,0,0,0,0,0,0,0,0,0,0
OTU_0324,0,0,0,0,0.0104529616724739,0,0,0,0,0,0,0,0,0,0,0,0,0,0,0,0,0,0,0,0,0,0,0,0,0,0,0,0,0,0,0,0,0,0
OTU_0325,0,0,0,0,0,0,0,0,0,0,0,0,0,0,0,0,0,0,0,0,0,0,0,0,0,0,0,0,0,0,0,0,0,0.00168976005407232,0,0,0,0.00183654729109275,0
OTU_0326,0,0,0,0,0,0,0,0,0,0,0,0,0,0,0,0,0,0,0,0,0,0,0,0,0,0.00106157112526539,0,0,0,0,0,0,0,0,0,0,0,0,0
OTU_0327,0,0,0,0,0,0,0,0,0,0,0,0,0,0,0,0,0.00288739172281039,0,0,0,0,0,0,0,0,0,0,0,0,0,0,0,0,0,0,0,0,0,0
OTU_0328,0,0,0,0,0,0,0,0,0.00381679389312977,0,0,0,0,0,0,0,0,0,0,0,0,0,0,0,0,0,0,0,0,0,0,0,0,0,0,0,0,0,0
OTU_0329,0,0,0,0,0,0,0,0,0.00381679389312977,0,0,0,0,0,0,0,0,0,0,0,0,0,0,0,0,0,0,0,0,0,0,0,0,0,0,0,0,0,0
OTU_0330,0,0,0,0.00392541707556428,0,0,0,0,0,0,0,0,0,0,0,0,0.00481231953801732,0,0.00251466890192791,0,0,0,0,0,0,0,0,0.0215827338129496,0,0,0,0,0,0,0,0,0,0,0
OTU_0331,0,0,0,0,0,0,0,0,0,0,0,0,0,0,0,0,0,0,0,0,0,0,0,0,0,0,0,0,0,0,0,0,0,0,0,0,0.00490196078431373,0,0
OTU_0332,0,0,0,0,0,0,0,0,0,0,0,0,0,0,0,0,0,0,0,0,0,0,0,0,0,0.0167197452229299,0,0,0,0,0,0,0,0,0,0,0,0,0
OTU_0333,0,0,0.0120481927710843,0,0,0,0,0,0,0,0,0,0,0,0,0,0,0,0,0,0,0,0,0,0,0,0,0,0,0,0,0,0,0,0,0,0,0,0
OTU_0334,0.00350058343057176,0,0,0,0,0,0,0,0,0,0,0,0,0,0,0,0,0,0,0,0,0,0,0,0,0,0,0,0,0,0,0,0,0,0,0,0,0,0
OTU_0335,0,0,0,0,0.000871080139372822,0,0,0,0,0,0,0,0,0,0,0,0,0,0,0,0,0,0,0,0,0,0,0,0,0,0,0,0,0.00304156809733018,0,0,0,0,0
OTU_0336,0,0,0,0,0,0,0,0,0.00763358778625954,0,0,0,0,0,0,0,0,0,0,0,0,0,0,0,0,0,0,0,0,0,0,0,0,0,0,0,0,0,0
OTU_0337,0,0,0,0,0,0,0,0,0,0,0,0,0,0,0,0,0,0,0,0,0,0,0,0,0,0,0,0,0,0,0,0,0,0.0155457924974654,0,0,0,0,0
OTU_0338,0,0,0,0,0,0,0,0,0,0,0,0,0,0,0,0,0,0,0,0,0,0,0,0,0,0,0,0,0,0,0,0,0,0,0,0,0,0,0
OTU_0339,0,0,0,0,0,0,0,0,0,0,0.0125523012552301,0,0,0,0,0,0,0,0,0,0,0,0,0,0,0,0,0,0,0,0,0,0,0,0,0,0,0,0
OTU_0340,0,0,0,0.00196270853778214,0,0,0,0,0,0,0,0,0,0,0,0,0,0,0,0,0,0,0,0,0,0,0,0,0,0,0,0,0,0,0,0,0,0,0
OTU_0341,0,0,0,0,0,0,0,0,0,0,0,0,0,0,0,0,0,0,0,0,0,0,0,0,0,0,0,0,0,0,0.00975609756097561,0,0,0,0,0,0,0.000918273645546373,0
OTU_0342,0,0,0,0,0,0,0,0,0,0,0,0,0,0,0,0,0,0,0.00167644593461861,0,0,0,0,0,0,0,0,0,0,0,0,0,0,0,0,0,0,0,0
OTU_0343,0,0,0,0,0,0.00198216055500496,0,0,0,0,0,0,0,0,0,0,0,0,0,0,0,0,0,0,0,0,0,0,0,0,0,0,0,0,0,0,0,0,0
OTU_0344,0,0,0,0,0,0,0,0,0,0,0,0,0,0,0,0,0,0,0,0,0,0,0,0,0,0,0,0,0,0,0,0,0,0,0,0,0,0.00183654729109275,0
OTU_0345,0,0,0,0,0,0,0,0,0,0,0,0,0,0,0,0.0168539325842697,0,0,0,0,0,0,0,0,0,0.00663481953290871,0,0,0,0,0,0,0,0,0,0,0,0,0
OTU_0346,0,0,0,0,0,0,0,0,0.00381679389312977,0,0,0,0,0,0,0,0,0,0,0,0,0,0,0,0,0,0,0,0,0,0,0,0,0,0,0,0,0,0
OTU_0347,0,0,0,0,0,0.00198216055500496,0,0,0,0,0,0,0,0,0,0,0,0,0,0,0,0,0,0,0,0,0,0,0,0,0,0,0,0,0,0,0,0,0
OTU_0348,0,0,0,0,0,0,0,0,0,0,0,0,0,0,0,0,0.00481231953801732,0,0,0,0,0,0,0,0,0,0,0,0,0,0,0,0,0,0,0,0,0,0
OTU_0349,0,0,0,0.00294406280667321,0,0,0,0,0,0,0,0,0,0,0,0,0,0,0,0,0,0,0,0,0,0,0,0,0,0,0,0,0,0,0,0,0,0,0
OTU_0350,0,0,0,0.00196270853778214,0,0,0,0,0,0,0,0,0,0,0,0,0,0,0,0,0,0,0,0,0,0,0,0,0,0,0,0,0,0,0,0,0,0,0
OTU_0351,0,0,0,0,0.0113240418118467,0,0,0,0,0,0,0,0,0,0,0,0,0,0.000838222967309304,0,0,0,0,0,0,0,0,0,0,0,0,0,0,0,0,0,0,0,0
OTU_0352,0,0,0,0,0,0,0,0,0,0,0,0,0,0,0,0,0,0,0,0,0,0,0,0,0,0,0,0,0,0,0,0,0,0.00304156809733018,0,0,0,0.00413223140495868,0
OTU_0353,0,0,0,0,0,0,0,0,0,0,0,0.00936768149882904,0,0,0,0,0,0,0,0,0,0,0,0,0,0,0,0,0,0,0,0,0,0,0,0,0,0,0
OTU_0354,0,0,0,0,0,0,0,0,0,0,0,0,0,0,0,0,0,0,0,0,0,0,0,0,0,0.00106157112526539,0,0,0,0,0,0,0,0,0,0,0,0,0
OTU_0355,0.00233372228704784,0,0,0,0,0,0,0,0,0,0,0,0,0,0,0,0.0163618864292589,0,0,0,0,0,0,0,0,0,0,0,0,0,0,0,0,0,0,0,0,0,0
OTU_0356,0,0,0,0,0.00174216027874564,0,0,0,0,0,0,0,0,0,0,0,0,0,0,0,0,0,0,0,0,0,0,0,0,0,0,0,0,0,0,0,0,0,0
OTU_0357,0,0,0,0,0,0,0,0,0,0,0,0.00468384074941452,0,0,0,0,0,0,0,0,0,0,0,0,0,0,0,0,0,0,0,0,0,0,0,0,0,0,0
OTU_0358,0,0,0,0,0,0,0,0,0,0,0,0,0,0,0,0,0,0,0,0,0,0,0,0,0,0.000265392781316348,0,0,0,0,0,0,0,0,0,0,0,0,0
OTU_0359,0,0,0,0,0,0,0,0,0,0,0,0,0,0,0,0,0,0,0,0,0,0,0,0,0,0,0,0,0,0,0,0,0,0.00135180804325786,0,0,0,0,0
OTU_0360,0,0,0,0,0,0,0,0,0,0,0,0,0,0,0,0,0,0,0,0,0,0,0,0,0,0.00212314225053079,0,0,0,0,0,0,0,0,0,0,0,0,0
OTU_0361,0.0186697782963827,0,0,0,0,0,0,0,0,0,0,0,0,0,0,0,0,0,0,0,0,0,0,0,0,0,0,0,0,0,0,0,0,0,0,0,0,0,0
OTU_0362,0,0,0,0,0,0,0,0,0,0,0,0,0,0,0,0,0,0,0.000838222967309304,0,0,0,0,0,0,0,0,0,0,0,0,0,0,0,0,0,0,0,0
OTU_0363,0,0,0,0,0,0,0,0,0.00381679389312977,0,0,0,0,0,0,0,0,0,0,0,0,0,0,0,0,0,0,0,0,0,0,0,0,0,0,0,0,0,0
OTU_0364,0,0,0,0,0,0,0,0,0,0,0,0,0,0,0,0,0.000962463907603465,0,0,0,0,0,0,0,0,0,0,0,0,0,0,0,0,0,0,0,0,0,0
OTU_0365,0,0,0,0,0,0,0,0,0,0,0,0,0,0,0,0,0,0,0,0,0,0,0,0,0,0.000265392781316348,0,0,0,0,0,0,0,0.000337952010814464,0,0,0,0,0
OTU_0366,0,0,0,0,0,0,0,0,0,0,0,0,0,0,0,0,0,0,0,0,0,0,0,0,0,0,0,0,0,0,0,0,0,0,0,0,0.00089126559714795,0,0
OTU_0367,0,0,0,0,0,0,0,0,0,0,0,0,0,0,0,0,0,0,0,0,0,0,0,0,0,0.00132696390658174,0,0,0,0,0,0,0,0,0,0,0,0,0
OTU_0368,0,0,0,0,0,0,0,0,0,0,0,0,0,0,0,0,0,0,0,0,0,0,0,0,0,0,0,0,0,0,0,0,0,0,0,0,0,0,0
OTU_0369,0.00116686114352392,0,0,0,0,0,0,0,0,0,0,0,0,0,0,0,0,0,0,0,0,0,0,0,0,0,0,0,0,0,0,0,0,0,0,0,0,0,0
OTU_0370,0,0,0,0,0,0,0,0,0,0,0,0,0,0,0,0,0,0,0,0,0,0,0,0,0,0,0,0,0,0,0.00731707317073171,0,0,0,0,0,0,0,0
OTU_0371,0,0,0,0,0,0,0,0,0,0,0,0,0,0,0,0,0,0,0,0,0,0,0,0,0,0.00159235668789809,0,0,0,0,0,0,0,0,0,0,0,0,0
OTU_0372,0,0,0,0,0,0.00693756194251734,0,0,0,0,0,0,0,0,0,0,0,0,0,0,0,0,0,0,0,0,0,0,0,0,0,0,0,0,0.03125,0,0,0,0
OTU_0373,0.00233372228704784,0,0,0,0,0,0,0,0,0,0,0,0,0,0,0,0,0,0,0,0,0,0,0,0,0,0,0,0,0,0,0,0,0,0,0,0,0,0
OTU_0374,0,0,0,0,0,0,0,0,0.00381679389312977,0,0,0,0,0,0,0,0,0,0,0,0,0,0,0,0,0,0,0,0,0,0,0,0,0,0,0,0,0,0
OTU_0375,0,0,0,0.00392541707556428,0,0.00198216055500496,0,0,0,0,0,0,0,0,0,0,0,0,0,0,0,0,0,0,0,0,0,0,0,0,0,0,0,0,0,0,0,0,0
OTU_0376,0,0,0,0,0,0,0,0,0,0,0,0,0,0,0,0,0,0,0,0,0,0,0,0,0,0,0,0,0,0,0,0,0,0,0,0.00211640211640212,0,0,0
OTU_0377,0,0,0,0,0,0,0,0,0,0,0,0,0,0,0,0,0,0,0.00670578373847443,0,0,0,0,0,0,0,0,0,0,0,0,0,0,0,0,0,0,0,0
OTU_0378,0.00116686114352392,0,0,0,0,0,0,0,0,0,0,0,0,0,0,0,0,0,0,0,0,0,0,0,0,0,0,0,0,0,0,0,0,0,0,0,0,0,0
OTU_0379,0,0,0,0,0,0,0,0,0,0,0,0,0,0,0,0,0,0,0.000838222967309304,0,0,0,0,0,0,0,0,0,0,0,0,0,0,0,0,0,0,0,0
OTU_0380,0,0,0,0,0,0,0,0,0,0,0,0,0,0,0,0,0,0,0,0,0,0,0,0,0,0,0,0,0,0,0,0,0,0.00101385603244339,0,0,0,0,0
OTU_0381,0,0,0,0.00098135426889107,0,0,0,0,0,0,0,0,0,0,0,0,0,0,0,0,0,0,0,0,0,0,0,0,0,0,0,0,0,0,0,0,0,0,0
OTU_0382,0,0,0,0,0,0,0,0,0.00381679389312977,0,0,0,0,0,0,0,0,0,0,0,0,0,0,0,0,0,0,0,0,0,0,0,0,0,0,0,0,0,0
OTU_0383,0.00466744457409568,0,0,0,0,0,0,0,0,0,0,0,0,0,0,0,0,0,0,0,0,0,0,0,0,0,0,0,0,0,0,0,0,0,0,0,0,0,0
OTU_0384,0,0,0,0,0,0,0,0,0,0,0,0,0,0,0,0,0,0,0,0,0,0,0,0,0,0,0,0,0,0,0,0,0,0,0,0,0.00267379679144385,0,0
OTU_0385,0,0,0,0,0,0,0,0,0,0,0.00418410041841004,0,0,0,0,0,0,0,0,0,0,0,0,0,0,0,0,0,0,0,0,0,0,0,0,0,0,0,0
OTU_0386,0,0,0,0,0,0,0,0,0,0,0,0,0,0,0,0,0,0,0.00335289186923722,0,0,0,0,0,0,0,0,0,0,0,0,0,0,0,0,0,0,0,0
OTU_0387,0,0,0,0,0,0,0,0,0,0,0,0,0,0,0,0,0,0,0.000838222967309304,0,0,0,0,0,0,0,0,0,0,0,0,0,0,0,0,0,0,0,0
OTU_0388,0,0,0,0,0,0,0,0,0,0,0,0,0,0,0,0,0,0,0,0,0,0,0,0,0,0.000530785562632696,0,0,0,0,0,0,0,0,0,0,0,0,0
OTU_0389,0,0,0,0,0,0,0,0,0,0,0,0,0,0,0,0,0,0,0,0,0,0,0,0,0,0.000530785562632696,0,0,0,0,0,0,0,0,0,0,0,0,0
OTU_0390,0,0,0,0,0,0,0,0,0,0,0,0,0,0,0,0,0,0,0,0,0,0,0,0,0,0.00238853503184713,0,0,0,0,0,0,0,0,0,0,0,0,0
OTU_0391,0,0,0,0,0,0,0,0,0,0,0.00836820083682008,0,0,0,0,0,0,0,0,0,0,0,0,0,0,0,0,0,0,0,0,0,0,0,0,0,0,0,0
OTU_0392,0.00350058343057176,0,0,0,0,0,0,0,0,0,0,0,0,0,0,0,0,0,0,0,0,0,0,0,0,0,0,0,0,0,0,0,0,0,0,0,0,0,0
OTU_0393,0.00116686114352392,0,0,0,0,0,0,0,0,0,0,0,0,0,0,0,0,0,0,0,0,0,0,0,0,0,0,0,0,0,0,0,0,0,0,0,0,0,0
OTU_0394,0,0,0,0,0,0,0,0,0,0,0,0,0,0,0,0,0,0,0,0,0,0,0,0,0,0,0,0,0,0,0.0121951219512195,0,0,0,0,0,0,0,0
OTU_0395,0,0,0,0,0,0,0,0,0,0,0,0,0,0,0,0,0.00384985563041386,0,0,0,0,0,0,0,0,0,0,0,0,0,0,0,0,0,0,0,0,0,0
OTU_0396,0,0,0,0.00098135426889107,0,0,0,0,0,0,0,0,0,0,0,0,0,0,0,0,0,0,0,0,0,0,0,0,0,0,0,0,0,0,0,0,0,0,0
OTU_0397,0,0,0,0,0,0,0,0,0.00381679389312977,0,0,0,0,0,0,0,0,0,0,0,0,0,0,0,0,0,0,0,0,0,0,0,0,0,0,0,0,0,0
OTU_0398,0.00350058343057176,0,0,0,0,0,0,0,0,0,0,0,0,0,0,0,0,0,0,0,0,0,0,0,0,0,0,0,0,0,0,0,0,0,0,0,0,0,0
OTU_0399,0,0,0,0,0,0,0,0,0,0,0,0,0,0,0,0,0,0,0,0,0,0,0,0,0,0.000530785562632696,0,0,0,0,0,0,0,0,0,0,0,0,0
OTU_0400,0,0,0.00963855421686747,0,0,0,0,0,0,0,0,0,0,0,0,0,0,0,0,0,0,0,0,0,0,0,0,0,0,0,0,0,0,0,0,0,0,0,0
OTU_0401,0,0,0,0,0,0.000991080277502478,0,0,0,0,0,0,0,0,0,0,0,0,0,0,0,0,0,0,0,0,0,0,0,0,0,0,0,0,0,0,0,0,0
OTU_0402,0,0,0,0,0,0,0,0,0,0,0,0,0,0,0,0,0,0,0,0,0,0,0,0,0,0.00132696390658174,0,0,0,0,0,0,0,0,0,0,0,0,0
OTU_0403,0,0,0.0072289156626506,0,0,0,0,0,0,0,0,0,0,0,0,0,0,0,0,0,0,0,0,0,0,0,0,0,0,0,0,0,0,0,0,0,0,0,0
OTU_0404,0,0,0,0,0,0,0,0,0,0,0,0,0,0,0,0,0,0,0,0,0,0,0,0,0,0.000530785562632696,0,0,0,0,0,0,0,0,0,0,0,0,0
OTU_0405,0,0,0,0.00294406280667321,0,0,0,0,0,0,0,0,0,0,0,0,0,0,0,0,0,0,0,0,0,0,0,0,0,0,0,0,0,0,0,0,0,0,0
OTU_0406,0,0,0,0,0,0,0,0,0,0,0,0,0,0,0,0,0,0,0,0,0.00346620450606586,0,0,0,0,0,0,0,0,0,0,0,0,0,0,0,0,0,0
OTU_0407,0,0,0,0,0,0,0,0,0.00381679389312977,0,0,0,0,0,0,0,0,0,0,0,0,0,0,0,0,0,0,0,0,0,0,0,0,0,0,0,0,0,0
OTU_0408,0,0,0,0,0,0.00396432111000991,0,0,0,0,0,0,0,0,0,0,0,0,0,0,0,0,0,0,0,0,0,0,0,0,0,0,0,0,0,0,0,0,0
OTU_0409,0,0,0,0,0,0,0,0,0,0,0,0,0,0,0,0,0,0,0,0,0,0,0,0,0,0,0,0,0,0,0,0,0,0,0,0,0,0.00229568411386593,0
OTU_0410,0,0,0,0,0,0,0,0,0,0,0,0,0,0,0,0,0,0,0,0,0,0,0,0,0,0,0,0,0,0,0,0,0,0,0,0,0.00089126559714795,0,0
OTU_0411,0,0,0,0,0,0,0,0,0.00381679389312977,0,0,0,0,0,0,0,0,0,0,0,0,0,0,0,0,0,0,0,0,0,0,0,0,0,0,0,0,0,0
OTU_0412,0,0,0,0,0,0,0,0,0,0,0,0,0,0,0,0,0,0,0,0,0,0,0,0,0,0,0,0,0,0,0,0,0,0.00168976005407232,0,0,0,0,0
OTU_0413,0,0,0,0,0,0,0,0,0,0,0,0,0,0,0,0,0.00384985563041386,0,0,0,0,0,0,0,0,0,0,0,0,0,0,0,0,0,0,0,0,0,0
OTU_0414,0,0,0,0,0,0,0,0,0.00381679389312977,0,0,0,0,0,0,0,0,0,0,0,0,0,0,0,0,0,0,0,0,0,0,0,0,0,0,0,0,0,0
OTU_0415,0,0,0,0,0,0,0,0,0,0,0,0,0,0,0,0,0,0,0,0,0,0,0,0,0,0.000796178343949045,0,0,0,0,0,0,0,0,0,0,0,0,0
OTU_0416,0,0,0,0,0,0.00198216055500496,0,0,0,0,0,0,0,0,0,0,0,0,0,0,0,0,0,0,0,0,0,0,0,0,0,0,0,0,0,0,0,0,0
OTU_0417,0.00233372228704784,0,0,0,0,0,0,0,0,0,0,0,0,0,0,0,0,0,0,0,0,0,0,0,0,0,0,0,0,0,0,0,0,0,0,0,0,0,0
OTU_0418,0,0,0,0.00294406280667321,0,0,0,0,0,0,0,0,0,0,0,0,0,0,0,0,0,0,0,0,0,0,0,0,0,0,0,0,0,0,0,0,0,0,0
OTU_0419,0,0,0,0,0,0,0,0,0,0,0,0,0,0,0,0,0,0,0,0,0,0,0,0,0,0.00106157112526539,0,0,0,0,0,0,0,0,0,0,0,0,0
OTU_0420,0,0,0,0,0,0,0,0,0,0,0,0,0,0,0,0,0,0,0,0,0,0,0,0,0,0,0,0,0,0,0,0,0,0.00135180804325786,0,0,0,0,0
OTU_0421,0,0,0,0,0,0,0,0,0,0,0,0,0,0,0,0,0,0,0,0,0,0,0,0,0,0,0,0,0,0,0.0317073170731707,0,0,0,0,0,0,0,0
OTU_0422,0,0,0,0,0,0,0,0,0,0,0,0,0,0,0,0,0,0,0,0,0,0,0,0,0,0,0,0,0,0,0,0,0,0.00101385603244339,0,0,0,0,0
OTU_0423,0,0,0,0,0,0,0,0,0,0,0,0,0,0,0,0,0,0,0,0,0,0,0,0,0,0,0,0,0,0,0,0,0,0,0,0,0.00401069518716578,0,0
OTU_0424,0,0,0,0,0,0,0,0,0,0,0,0.00234192037470726,0,0,0,0,0,0,0,0,0,0,0,0,0,0,0,0,0,0,0,0,0,0,0,0,0,0,0
OTU_0425,0,0,0,0,0,0,0,0,0.00763358778625954,0,0,0,0,0,0,0,0,0,0,0,0,0,0,0,0,0,0,0,0,0,0,0,0,0,0,0,0,0,0
OTU_0426,0,0,0,0.00294406280667321,0,0,0,0,0,0,0,0,0,0,0,0,0,0,0,0,0,0,0,0,0,0,0,0,0,0,0,0,0,0,0,0,0,0,0
OTU_0427,0,0,0,0,0,0,0,0,0,0,0,0,0,0,0,0,0,0,0,0,0,0,0,0,0,0,0,0,0,0,0,0,0,0,0,0,0.00267379679144385,0,0
OTU_0428,0,0,0,0,0,0,0,0,0.00381679389312977,0,0,0,0,0,0,0,0,0,0,0,0,0,0,0,0,0,0,0,0,0,0,0,0,0,0,0,0,0,0
OTU_0429,0,0,0,0,0,0,0,0,0.00381679389312977,0,0,0,0,0,0,0,0,0,0,0,0,0,0,0,0,0,0,0,0,0,0,0,0,0,0,0,0,0,0
OTU_0430,0,0,0,0,0,0,0,0,0,0,0,0,0,0,0,0,0,0,0,0,0,0,0,0,0,0,0,0,0,0,0.00975609756097561,0,0,0,0,0,0,0,0
OTU_0431,0,0,0,0,0,0,0,0,0,0,0,0,0,0,0,0,0,0,0,0,0,0,0,0,0,0,0,0,0,0,0,0,0,0,0,0,0,0.000918273645546373,0
OTU_0432,0,0,0,0,0,0,0,0,0,0,0,0,0,0,0,0,0,0,0,0,0,0,0,0,0,0,0,0,0,0,0,0,0,0.00135180804325786,0,0,0,0,0
OTU_0433,0,0,0.00481927710843374,0,0,0,0,0,0,0,0,0,0,0,0,0,0,0,0,0,0,0,0,0,0,0,0,0,0,0,0,0,0,0,0,0,0,0,0
OTU_0434,0,0,0.0072289156626506,0,0,0,0,0,0,0,0,0,0,0,0,0,0,0,0,0,0,0,0,0,0,0,0,0,0,0,0,0,0,0,0,0,0,0,0
OTU_0435,0,0,0,0,0,0,0,0,0,0,0,0.00702576112412178,0,0,0,0,0,0,0,0,0,0,0,0,0,0,0,0,0,0,0,0,0,0,0,0,0,0,0
OTU_0436,0,0,0,0,0,0,0,0,0,0,0.00418410041841004,0,0,0,0,0,0,0,0,0,0,0,0,0,0,0,0,0,0,0,0,0,0,0,0,0,0,0,0
OTU_0437,0,0,0,0,0,0,0,0,0,0,0,0,0,0,0,0,0,0,0,0,0,0,0,0,0,0,0,0,0,0,0,0,0,0.00506928016221697,0,0,0,0,0
OTU_0438,0,0,0,0,0,0,0,0,0,0,0,0,0,0,0,0,0,0,0,0,0,0,0,0,0,0.00185774946921444,0,0,0,0,0,0,0,0,0,0,0,0,0
OTU_0439,0,0,0,0,0,0,0,0,0,0,0,0,0,0,0,0,0.000962463907603465,0,0,0,0,0,0,0,0,0,0,0,0,0,0,0,0,0,0,0,0,0,0
OTU_0440,0,0,0,0,0,0,0,0,0,0,0,0,0,0,0,0,0.00192492781520693,0,0,0,0,0,0,0,0,0,0,0,0,0,0,0,0,0,0,0,0,0,0
OTU_0441,0,0,0,0,0,0,0,0,0,0,0,0,0,0,0,0,0,0,0,0,0,0,0,0,0,0.000530785562632696,0,0,0,0,0,0,0,0,0,0,0,0,0
OTU_0442,0,0,0,0,0,0,0,0,0,0,0,0,0,0,0,0,0,0,0,0,0,0,0,0,0,0,0,0,0,0,0,0,0,0,0,0,0.00267379679144385,0,0
OTU_0443,0,0,0,0,0,0,0,0,0.00381679389312977,0,0,0,0,0,0,0,0,0,0,0,0,0,0,0,0,0,0,0,0,0,0,0,0,0,0,0,0,0,0
OTU_0444,0,0,0,0,0,0,0,0,0,0,0,0,0,0,0,0,0,0,0,0,0,0,0,0,0.00127469725940089,0,0,0,0,0,0,0,0,0,0,0,0,0,0
OTU_0445,0,0,0,0,0,0,0,0,0,0,0,0,0,0,0,0,0,0,0,0,0,0,0,0,0,0.00185774946921444,0,0,0,0,0,0,0,0,0,0,0,0,0
OTU_0446,0,0,0,0,0,0,0,0,0,0,0,0,0,0,0,0.0337078651685393,0,0,0,0,0,0,0,0,0,0,0,0,0,0,0,0,0,0,0,0,0,0,0
OTU_0447,0,0,0,0.00098135426889107,0,0,0,0,0,0,0,0,0,0,0,0,0,0,0,0,0,0,0,0,0,0,0,0,0,0,0,0,0,0,0,0,0,0,0
OTU_0448,0,0,0,0,0,0,0,0,0.00763358778625954,0,0,0,0,0,0,0,0,0,0,0,0,0,0,0,0,0,0,0,0,0,0,0,0,0,0,0,0,0,0
OTU_0449,0,0,0,0,0,0,0,0,0.00381679389312977,0,0,0,0,0,0,0,0,0,0,0,0,0,0,0,0,0,0,0,0,0,0,0,0,0,0,0,0,0,0
OTU_0450,0,0,0,0,0,0,0,0,0,0,0,0,0,0,0,0,0,0,0,0,0,0,0,0,0,0,0,0,0,0,0,0,0,0.00101385603244339,0,0,0,0,0
OTU_0451,0.00350058343057176,0,0,0,0,0,0,0,0,0,0,0,0,0,0,0,0,0,0,0,0,0,0,0,0,0,0,0,0,0,0,0,0,0,0,0,0,0,0
OTU_0452,0,0,0,0.00196270853778214,0,0,0,0,0,0,0,0,0,0,0,0,0,0,0,0,0,0,0,0,0,0,0,0,0,0,0,0,0,0,0,0,0,0,0
OTU_0453,0,0,0.0144578313253012,0,0,0,0,0,0,0,0,0,0,0,0,0,0,0,0,0,0,0,0,0,0,0,0,0,0,0,0,0,0,0,0,0,0,0,0
OTU_0454,0,0,0,0,0,0,0,0,0,0,0,0,0,0,0,0,0,0,0,0,0,0,0,0,0,0,0,0,0,0,0.0048780487804878,0,0,0,0,0,0,0,0
OTU_0455,0,0,0,0,0,0,0,0,0,0,0,0,0,0,0,0,0,0,0,0,0,0,0,0,0,0.00238853503184713,0,0,0,0,0,0,0,0,0,0,0,0,0
OTU_0456,0,0,0,0.00196270853778214,0,0,0,0,0,0,0,0,0,0,0,0,0,0,0,0,0,0,0,0,0,0,0,0,0,0,0,0,0,0,0,0,0,0,0
OTU_0457,0,0,0,0,0,0,0,0,0,0,0,0,0,0,0,0,0,0,0,0,0,0,0,0,0,0,0,0,0,0,0,0,0,0.00101385603244339,0,0,0,0,0
OTU_0458,0,0,0,0,0,0,0,0,0,0,0.00418410041841004,0,0,0,0,0,0,0,0,0,0,0,0,0,0,0,0,0,0,0,0,0,0,0,0,0,0,0,0
OTU_0459,0,0,0,0,0,0,0,0,0,0,0,0,0,0,0,0,0.00288739172281039,0,0,0,0,0,0,0,0,0,0,0,0,0,0,0,0,0,0,0,0,0,0
OTU_0460,0,0,0,0,0,0,0,0,0,0,0,0,0,0,0,0,0.00192492781520693,0,0,0,0,0,0,0,0,0,0,0,0,0,0,0,0,0,0,0,0,0,0
OTU_0461,0,0,0,0,0,0,0,0,0,0,0,0,0,0,0,0,0,0,0,0,0,0,0,0,0.000637348629700446,0,0,0,0,0,0,0,0,0,0,0,0,0,0
OTU_0462,0,0,0,0,0,0,0,0,0.00381679389312977,0,0,0,0,0,0,0,0,0,0,0,0,0,0,0,0,0,0,0,0,0,0,0,0,0,0,0,0,0,0
OTU_0463,0,0,0,0,0,0,0,0,0,0,0,0,0,0,0,0,0,0,0,0,0,0,0,0,0,0,0,0,0,0,0,0,0,0,0,0,0.00089126559714795,0,0
OTU_0464,0,0,0.0433734939759036,0,0,0,0,0,0,0,0,0,0,0,0,0,0,0,0,0,0,0,0,0,0,0,0,0,0,0,0,0,0,0,0,0,0,0,0
OTU_0465,0,0,0,0,0,0,0,0,0,0,0,0,0,0,0,0,0,0,0,0,0,0,0,0,0,0,0,0,0,0,0,0,0,0,0,0,0.00445632798573975,0,0
OTU_0466,0,0,0.00481927710843374,0,0,0,0,0,0,0,0,0,0,0,0,0,0,0,0,0,0,0,0,0,0,0,0,0,0,0,0,0,0,0,0,0,0,0,0
OTU_0467,0,0,0,0,0,0,0,0,0.00381679389312977,0,0,0,0,0,0,0,0,0,0,0,0,0,0,0,0,0,0,0,0,0,0,0,0,0,0,0,0,0,0
OTU_0468,0,0,0,0,0,0,0,0,0,0,0,0,0,0,0,0,0,0,0,0,0,0,0,0,0,0.000265392781316348,0,0,0,0,0,0,0,0,0,0,0,0,0
OTU_0469,0,0,0,0,0,0,0,0,0,0,0,0,0,0,0,0,0,0,0,0,0,0,0,0,0,0,0,0,0,0,0,0,0,0,0,0,0.00490196078431373,0,0
OTU_0470,0,0,0,0,0,0,0,0,0,0,0,0,0,0,0,0,0,0,0,0,0,0,0,0,0,0,0,0,0,0,0,0,0,0.000675904021628929,0,0,0,0,0
OTU_0471,0,0,0,0,0,0,0,0,0,0,0,0,0,0,0,0,0,0,0,0,0,0,0,0,0,0,0,0,0,0,0,0,0,0,0,0.00476190476190476,0,0,0
OTU_0472,0,0,0,0,0,0,0,0,0.00763358778625954,0,0,0,0,0,0,0,0,0,0,0,0,0,0,0,0,0,0,0,0,0,0,0,0,0,0,0,0,0,0
OTU_0473,0,0,0,0,0,0,0,0,0,0,0,0,0,0,0,0,0,0,0,0,0,0,0,0,0,0,0,0,0,0,0,0,0,0.00101385603244339,0,0,0,0,0
OTU_0474,0,0,0,0,0,0,0,0,0,0,0,0,0,0,0,0,0,0,0,0,0,0,0,0.0652173913043478,0,0,0,0,0,0,0,0,0,0,0,0,0,0,0
OTU_0475,0,0,0,0,0,0,0,0,0,0,0,0,0,0,0,0,0,0,0,0,0,0,0,0,0,0.00106157112526539,0,0,0,0,0,0,0,0,0,0,0,0,0
OTU_0476,0,0,0,0,0,0,0,0,0,0,0,0,0,0,0,0,0,0,0,0,0,0,0,0,0,0.0100849256900212,0,0,0,0,0,0,0,0,0,0,0,0,0
OTU_0477,0,0,0,0,0,0,0,0,0,0,0,0,0,0,0,0,0,0,0,0,0,0,0,0,0,0,0,0,0,0,0,0,0,0.0128421764109496,0,0,0,0,0
OTU_0478,0,0,0,0,0,0,0,0,0,0,0,0,0,0,0,0,0,0,0,0,0,0,0,0,0,0,0,0,0,0,0,0,0,0,0,0,0.00267379679144385,0,0
OTU_0479,0,0,0,0,0,0,0,0,0,0,0,0,0,0,0,0,0,0,0,0,0,0,0,0.0434782608695652,0,0,0,0,0,0,0,0,0,0,0,0,0,0,0
OTU_0480,0.00233372228704784,0,0,0,0,0,0,0,0,0,0,0,0,0,0,0,0,0,0,0,0,0,0,0,0,0,0,0,0,0,0,0,0,0,0,0,0,0,0
OTU_0481,0,0,0,0,0,0,0,0,0,0,0,0,0,0,0,0,0,0,0,0,0,0,0,0,0,0,0,0,0,0,0,0,0,0.000337952010814464,0,0,0,0,0
OTU_0482,0,0,0,0,0,0,0,0,0.00381679389312977,0,0,0,0,0,0,0,0,0,0,0,0,0,0,0,0,0,0,0,0,0,0,0,0,0,0,0,0,0,0
OTU_0483,0,0,0,0,0,0,0,0,0,0,0,0,0,0,0,0,0,0,0,0,0,0,0,0,0,0,0,0,0,0,0,0,0,0.00168976005407232,0,0,0,0,0
OTU_0484,0,0,0,0,0,0,0,0,0,0,0,0,0,0,0,0,0,0,0,0,0,0,0,0,0,0,0,0,0,0,0,0,0,0.000675904021628929,0,0,0,0,0
OTU_0485,0,0,0,0,0,0,0,0,0,0,0,0,0,0,0,0,0,0,0.00502933780385583,0,0,0,0,0,0,0,0,0,0,0,0,0,0,0,0,0,0,0,0
OTU_0486,0,0,0,0,0,0,0,0,0,0,0,0,0,0,0,0,0,0,0,0,0,0,0,0,0,0,0,0,0,0,0,0,0,0,0,0,0,0.00137741046831956,0
OTU_0487,0,0,0,0,0,0,0,0,0,0,0,0,0,0,0,0,0,0,0,0,0,0,0,0,0,0,0,0,0,0,0,0,0,0.00135180804325786,0,0,0,0,0
OTU_0488,0,0,0.0072289156626506,0,0,0,0,0,0,0,0,0,0,0,0,0,0,0,0,0,0,0,0,0,0,0,0,0,0,0,0,0,0,0,0,0,0,0,0
OTU_0489,0,0,0,0,0,0,0,0,0,0,0,0,0,0,0,0,0,0,0,0,0,0,0,0,0,0.00159235668789809,0,0,0,0,0,0,0,0,0,0,0,0,0
OTU_0490,0,0,0,0,0,0,0,0,0,0,0,0,0,0,0,0,0,0,0,0,0,0,0,0,0.00509878903760357,0,0,0,0,0,0,0,0,0.0125042244001352,0,0.00687830687830688,0,0,0
OTU_0491,0,0,0,0,0,0,0,0,0,0,0,0,0,0,0,0,0,0,0,0,0,0,0,0,0.00127469725940089,0,0,0,0,0,0,0,0,0,0,0,0,0,0
OTU_0492,0,0,0,0,0,0,0,0,0,0,0,0,0,0,0,0,0,0,0,0,0,0,0,0,0,0.000796178343949045,0,0,0,0,0,0,0,0,0,0,0,0,0
OTU_0493,0,0,0,0,0,0,0,0,0,0,0,0,0,0,0,0,0.000962463907603465,0,0,0,0,0,0,0,0,0,0,0,0,0,0,0,0,0,0,0,0,0,0
OTU_0494,0,0,0,0,0,0,0,0.0363636363636364,0,0,0,0,0,0,0.0363636363636364,0,0,0,0,0,0,0,0,0,0,0,0,0,0,0,0,0,0,0,0,0,0,0,0
OTU_0495,0,0,0,0,0,0,0,0,0,0,0,0,0,0,0,0,0,0,0,0,0,0,0,0,0,0,0,0,0,0,0,0,0,0.00337952010814464,0,0,0,0,0
OTU_0496,0,0,0,0,0,0,0,0,0,0,0,0,0,0,0,0,0,0,0,0,0,0,0,0,0,0,0,0,0,0,0,0,0,0.000675904021628929,0,0,0,0,0
OTU_0497,0,0,0.00481927710843374,0,0,0,0,0,0,0,0,0,0,0,0,0,0,0,0,0,0,0,0,0,0,0,0,0,0,0,0,0,0,0,0,0,0,0,0
OTU_0498,0,0,0,0,0,0,0,0,0.00381679389312977,0,0,0,0,0,0,0,0,0,0,0,0,0,0,0,0,0,0,0,0,0,0,0,0,0,0,0,0,0,0
OTU_0499,0,0,0,0,0,0,0,0,0.00381679389312977,0,0,0,0,0,0,0,0,0,0,0,0,0,0,0,0,0,0,0,0,0,0,0,0,0,0,0,0,0,0
OTU_0500,0,0,0.0457831325301205,0,0,0,0,0,0,0,0,0,0,0,0,0,0,0,0,0,0,0,0,0,0,0,0,0,0,0,0,0,0,0,0,0,0,0,0
OTU_0501,0,0,0.0072289156626506,0,0,0,0,0,0,0,0,0,0,0,0,0,0,0,0,0,0,0,0,0,0,0,0,0,0,0,0,0,0,0,0,0,0,0,0
OTU_0502,0,0,0,0,0,0,0,0,0,0,0,0,0,0,0,0,0,0,0,0,0,0.0234375,0,0,0,0,0,0,0,0,0,0,0,0,0,0,0,0,0
OTU_0503,0,0,0.0072289156626506,0,0,0,0,0,0,0,0,0,0,0,0,0,0,0,0,0,0,0,0,0,0,0,0,0,0,0,0,0,0,0,0,0,0,0,0
OTU_0504,0,0,0,0,0,0,0,0,0,0,0,0,0,0,0,0,0,0,0,0,0,0,0,0,0,0,0,0,0,0,0,0,0,0,0,0,0,0.00413223140495868,0
OTU_0505,0,0,0,0,0,0,0,0,0.00763358778625954,0,0,0,0,0,0,0,0,0,0,0,0,0,0,0,0,0,0,0,0,0,0,0,0,0,0,0,0,0,0
OTU_0506,0,0,0,0,0,0,0,0,0.00381679389312977,0,0,0,0,0,0,0,0,0,0,0,0,0,0,0,0,0,0,0,0,0,0,0,0,0,0,0,0,0,0
OTU_0507,0,0,0,0,0,0,0,0,0,0,0,0,0,0,0,0,0,0,0,0,0,0,0,0,0,0,0,0,0,0,0,0,0,0,0,0.00317460317460317,0,0,0
OTU_0508,0,0,0,0,0,0,0,0,0,0,0,0,0,0,0,0,0,0,0,0,0,0,0,0,0,0,0,0,0,0,0,0,0,0.00135180804325786,0,0,0,0,0
OTU_0509,0,0,0,0,0,0,0,0,0,0,0,0,0,0,0,0,0,0,0.00167644593461861,0,0,0,0,0,0,0,0,0,0,0,0,0,0,0,0,0,0,0,0
OTU_0510,0.00233372228704784,0,0,0,0,0,0,0,0,0,0,0,0,0,0,0,0,0,0,0,0,0,0,0,0,0,0,0,0,0,0,0,0,0,0,0,0,0,0
OTU_0511,0,0,0,0,0,0,0,0,0,0,0,0,0,0,0,0,0,0,0,0,0,0,0,0,0,0,0,0,0,0,0,0,0,0.00101385603244339,0,0,0,0,0
OTU_0512,0,0,0,0,0,0,0,0,0.00381679389312977,0,0,0,0,0,0,0,0,0,0,0,0,0,0,0,0,0,0,0,0,0,0,0,0,0,0,0,0,0,0
OTU_0513,0,0,0,0,0,0,0,0,0,0,0,0,0,0,0,0,0,0,0,0,0,0,0,0,0.00701083492670491,0,0,0,0,0,0,0,0,0,0,0.00211640211640212,0,0,0
OTU_0514,0,0,0,0,0,0,0,0,0,0,0.00836820083682008,0,0,0,0,0,0,0,0,0,0,0,0,0,0,0,0,0,0,0,0,0,0,0,0,0,0,0,0
OTU_0515,0,0,0,0,0,0,0,0,0.00381679389312977,0,0,0,0,0,0,0,0,0,0,0,0,0,0,0,0,0,0,0,0,0,0,0,0,0,0,0,0,0,0
OTU_0516,0,0,0,0,0,0,0,0,0.00381679389312977,0,0,0,0,0,0,0,0,0,0,0,0,0,0,0,0,0,0,0,0,0,0,0,0,0,0,0,0,0,0
OTU_0517,0,0,0,0,0,0,0,0,0,0,0,0,0,0,0,0,0,0,0,0,0,0,0,0,0,0,0,0,0,0,0,0,0,0,0,0,0.00267379679144385,0,0
OTU_0518,0,0,0,0,0,0,0,0,0,0,0,0,0,0,0,0,0,0,0,0,0,0,0,0,0,0,0,0,0,0,0,0,0,0,0,0.00158730158730159,0,0,0
OTU_0519,0,0,0,0,0,0,0,0,0.00381679389312977,0,0,0,0,0,0,0,0,0,0,0,0,0,0,0,0,0,0,0,0,0,0,0,0,0,0,0,0,0,0
OTU_0520,0,0,0,0,0,0,0,0,0,0,0,0,0,0,0,0,0,0,0,0,0,0,0,0,0,0,0,0,0,0,0,0,0,0,0,0,0.0017825311942959,0,0
OTU_0521,0,0,0,0,0,0,0,0,0,0,0,0,0,0,0,0,0.000962463907603465,0,0,0,0,0,0,0,0,0,0,0,0,0,0,0,0,0,0,0,0,0,0
OTU_0522,0,0,0,0,0,0,0,0,0,0,0,0,0,0,0,0,0,0,0,0,0,0,0,0,0,0,0,0,0,0,0,0,0,0,0,0,0.00133689839572193,0,0
OTU_0523,0,0,0,0.00294406280667321,0,0,0,0,0,0,0,0,0,0,0,0,0,0,0,0,0,0,0,0,0,0,0,0,0,0,0,0,0,0,0,0,0,0,0
OTU_0524,0,0,0,0,0,0,0,0,0,0,0,0,0,0,0,0,0,0,0,0,0,0,0,0,0,0.00132696390658174,0,0,0,0,0,0,0,0,0,0,0,0,0
OTU_0525,0,0,0,0,0,0,0,0,0,0,0,0,0,0,0,0,0,0,0,0,0,0,0,0,0,0,0,0,0,0,0,0,0,0.00168976005407232,0,0,0,0,0
OTU_0526,0,0,0.0313253012048193,0,0,0,0,0,0,0,0,0,0,0,0,0,0,0,0,0,0,0,0,0,0,0,0,0,0,0,0,0,0,0,0,0,0,0,0
OTU_0527,0,0,0,0,0,0,0,0,0,0,0,0,0,0,0,0,0,0,0,0,0,0,0,0,0,0,0,0,0,0,0,0,0,0,0,0,0.00579322638146168,0,0
OTU_0528,0,0,0,0,0,0.00297324083250743,0,0,0,0,0,0,0,0,0,0,0,0,0,0,0,0,0,0,0,0,0,0,0,0,0,0,0,0,0,0,0,0,0
OTU_0529,0,0,0,0,0.00174216027874564,0,0,0,0,0,0,0,0,0,0,0,0,0,0,0,0,0,0,0,0,0,0,0,0,0,0,0,0,0,0,0,0,0,0
OTU_0530,0,0,0,0,0,0,0,0,0,0,0,0,0,0,0,0,0,0,0.000838222967309304,0,0,0,0,0,0,0,0,0,0,0,0,0,0,0,0,0,0,0,0
OTU_0531,0,0,0,0,0,0,0,0,0,0,0,0,0,0,0,0,0,0,0,0,0,0,0,0,0,0,0,0,0,0,0.0048780487804878,0,0,0,0,0,0,0,0
OTU_0532,0,0,0,0,0,0,0,0,0,0,0,0,0,0,0,0,0,0,0,0,0,0,0,0,0,0,0,0,0,0,0,0,0,0.00236566407570125,0,0,0,0,0
OTU_0533,0,0,0,0,0,0,0,0,0,0,0,0,0,0,0,0,0,0,0,0,0,0,0,0,0.00127469725940089,0,0,0,0,0,0,0,0,0,0,0,0,0,0
OTU_0534,0,0,0,0,0,0,0,0,0,0,0,0,0,0,0,0,0,0,0.00335289186923722,0,0,0,0,0,0,0,0,0,0,0,0,0,0,0,0,0,0,0,0
OTU_0535,0,0,0,0,0,0,0,0,0,0,0,0,0,0,0,0,0,0,0,0,0.00346620450606586,0,0,0,0,0,0,0,0,0,0,0,0,0,0,0,0,0,0
OTU_0536,0,0,0,0,0,0,0,0,0,0,0,0,0,0,0,0,0,0,0,0,0,0,0,0,0,0.000796178343949045,0,0,0,0,0,0,0,0,0,0,0,0,0
OTU_0537,0.00233372228704784,0,0,0,0,0,0,0,0,0,0,0,0,0,0,0,0,0,0,0,0,0,0,0,0,0,0,0,0,0,0,0,0,0,0,0,0,0,0
OTU_0538,0,0,0,0,0,0,0,0,0,0,0,0,0,0,0,0,0,0,0,0,0,0,0,0,0,0,0,0,0,0,0,0,0,0,0,0,0,0.000918273645546373,0
OTU_0539,0,0,0.00963855421686747,0,0,0,0,0,0,0,0,0,0,0,0,0,0,0,0,0,0,0,0,0,0,0,0,0,0,0,0,0,0,0,0,0,0,0,0
OTU_0540,0,0,0,0.00196270853778214,0,0,0,0,0,0,0,0,0,0,0,0,0,0,0,0,0,0,0,0,0,0,0,0,0,0,0,0,0,0,0,0,0,0,0
OTU_0541,0,0,0,0,0,0,0,0,0,0,0,0,0,0,0,0,0,0,0,0,0,0,0,0,0.00446144040790312,0,0,0,0,0,0,0,0,0,0,0,0,0,0
OTU_0542,0,0,0,0,0,0,0,0,0,0,0,0,0,0,0,0,0,0,0,0,0,0,0,0,0,0,0,0,0,0,0,0,0,0,0,0,0,0,0
OTU_0543,0,0,0,0,0,0,0,0,0,0,0,0,0,0,0,0,0,0,0,0,0,0,0,0,0,0,0,0,0,0,0,0,0,0,0,0,0.00846702317290553,0,0
OTU_0544,0,0,0,0,0,0,0,0,0.00381679389312977,0,0,0,0,0,0,0,0,0,0,0,0,0,0,0,0,0,0,0,0,0,0,0,0,0,0,0,0,0,0
OTU_0545,0,0,0,0,0,0,0,0,0,0,0,0,0,0,0,0,0,0,0,0,0,0,0,0,0,0,0,0,0,0,0,0,0,0.00675904021628929,0,0,0,0,0
OTU_0546,0,0,0,0,0,0,0,0,0.00763358778625954,0,0,0,0,0,0,0,0,0,0,0,0,0,0,0,0,0,0,0,0,0,0,0,0,0,0,0,0,0,0
OTU_0547,0,0,0,0.00294406280667321,0,0,0,0,0,0,0,0,0,0,0,0,0,0,0,0,0,0,0,0,0,0,0,0,0,0,0,0,0,0,0,0,0,0,0
OTU_0548,0,0,0,0,0,0,0,0,0,0,0,0,0,0,0,0,0.00288739172281039,0,0,0,0,0,0,0,0,0,0,0,0,0,0,0,0,0,0,0,0,0,0
OTU_0549,0,0,0,0,0,0,0,0,0,0,0,0,0,0,0,0,0,0,0,0,0,0,0,0,0,0,0,0,0,0,0.00975609756097561,0,0,0,0,0,0,0,0
OTU_0550,0,0,0,0,0,0,0,0,0,0,0,0,0,0,0,0,0,0,0,0,0,0,0,0,0,0,0,0,0,0,0,0,0,0.00506928016221697,0,0,0,0,0
OTU_0551,0,0,0,0,0.00174216027874564,0,0,0,0,0,0,0,0,0,0,0,0,0,0,0,0,0,0,0,0,0,0,0,0,0,0,0,0,0,0,0,0,0,0
OTU_0552,0,0,0,0,0,0,0,0,0,0,0,0,0,0,0,0,0,0,0.00335289186923722,0,0,0,0,0,0,0,0,0,0,0,0,0,0,0,0,0,0,0,0
OTU_0553,0,0,0,0,0,0,0,0,0,0,0,0,0,0,0,0,0,0,0,0,0,0,0,0,0,0,0,0,0,0,0,0,0,0.00236566407570125,0,0,0,0,0
OTU_0554,0,0,0,0,0,0,0,0,0.00763358778625954,0,0,0,0,0,0,0,0,0,0,0,0,0,0,0,0,0,0,0,0,0,0,0,0,0,0,0,0,0,0
OTU_0555,0,0,0,0,0,0,0,0,0,0,0,0,0,0,0,0,0,0,0,0,0,0,0,0,0,0,0,0,0,0,0,0,0,0,0,0,0.00133689839572193,0,0
OTU_0556,0,0,0,0,0,0.000991080277502478,0,0,0,0,0,0,0,0,0,0,0,0,0,0,0,0,0,0,0,0,0,0,0,0,0,0,0,0,0,0,0,0,0
OTU_0557,0,0,0,0.00392541707556428,0,0,0,0,0,0,0,0,0,0,0,0,0,0,0,0,0,0,0,0,0,0,0,0,0,0,0,0,0,0,0,0,0,0,0
OTU_0558,0,0,0,0,0.00174216027874564,0,0,0,0,0,0,0,0,0,0,0,0,0,0,0,0,0,0,0,0,0,0,0,0,0,0,0,0,0,0,0,0,0,0
OTU_0559,0.00116686114352392,0,0,0,0,0,0,0,0,0,0,0,0,0,0,0,0,0,0,0,0,0,0,0,0,0,0,0,0,0,0,0,0,0,0,0,0,0,0
OTU_0560,0,0,0.0144578313253012,0,0,0,0,0,0,0,0,0,0,0,0,0,0,0,0,0,0,0,0,0,0,0,0,0,0,0,0,0,0,0,0,0,0,0,0
OTU_0561,0,0,0,0,0,0,0,0,0.00381679389312977,0,0,0,0,0,0,0,0,0,0,0,0,0,0,0,0,0,0,0,0,0,0,0,0,0,0,0,0,0,0
OTU_0562,0.00233372228704784,0,0,0,0,0,0,0,0,0,0,0,0,0,0,0,0,0,0,0,0,0,0,0,0,0,0,0,0,0,0,0,0,0,0,0,0,0,0
OTU_0563,0,0,0,0,0,0,0,0,0,0,0,0,0,0,0,0,0,0,0,0,0,0,0,0,0,0,0,0,0,0,0.00975609756097561,0,0,0,0,0,0,0,0
OTU_0564,0,0,0,0,0,0,0,0,0,0,0.00836820083682008,0,0,0,0,0,0,0,0,0,0,0,0,0,0,0,0,0,0,0,0,0,0,0,0,0,0,0,0
OTU_0565,0,0,0,0,0,0,0,0,0,0,0,0,0,0,0,0,0,0,0,0,0,0,0,0,0,0,0,0,0,0,0,0,0,0.00101385603244339,0,0,0,0,0
OTU_0566,0,0,0,0,0,0,0,0,0,0,0,0,0,0,0,0,0,0,0,0,0,0,0,0,0,0,0,0,0,0,0,0,0,0.000675904021628929,0,0,0,0,0
OTU_0567,0,0,0,0,0,0,0,0,0,0,0,0,0,0,0,0,0,0,0,0,0,0,0,0,0,0,0,0,0,0,0,0,0,0,0,0.000529100529100529,0,0,0
OTU_0568,0,0,0,0,0,0,0,0,0.00381679389312977,0,0,0,0,0,0,0,0,0,0,0,0,0,0,0,0,0,0,0,0,0,0,0,0,0,0,0,0,0,0
OTU_0569,0,0,0,0.00196270853778214,0,0,0,0,0,0,0,0,0,0,0,0,0,0,0,0,0,0,0,0,0,0,0,0,0,0,0,0,0,0,0,0,0,0,0
OTU_0570,0.00700116686114352,0,0,0,0,0,0,0,0,0,0,0,0,0,0,0,0,0,0,0,0,0,0,0,0,0,0,0,0,0,0,0,0,0,0,0,0,0,0
OTU_0571,0,0,0,0,0,0,0,0,0,0,0,0,0,0,0,0,0,0,0,0,0,0,0,0,0,0.000530785562632696,0,0,0,0,0,0,0,0,0,0,0,0,0
OTU_0572,0,0,0,0,0,0,0,0,0.00381679389312977,0,0,0,0,0,0,0,0,0,0,0,0,0,0,0,0,0,0,0,0,0,0,0,0,0,0,0,0,0,0
OTU_0573,0,0,0,0,0,0,0,0,0.00381679389312977,0,0,0,0,0,0,0,0,0,0,0,0,0,0,0,0,0,0,0,0,0,0,0,0,0,0,0,0,0,0
OTU_0574,0,0,0,0,0,0,0,0,0,0,0,0,0,0,0,0,0,0.0377358490566038,0,0,0,0,0,0,0,0,0,0,0,0,0,0,0,0,0,0,0,0,0
OTU_0575,0,0,0,0,0,0,0,0,0,0,0,0,0,0,0,0,0,0,0,0,0,0.0234375,0,0,0,0,0,0,0,0,0,0,0,0,0,0,0,0,0
OTU_0576,0,0,0,0,0,0,0,0,0,0,0,0,0,0,0,0,0,0,0,0,0,0,0,0,0,0,0,0,0,0,0,0,0,0,0,0,0.00445632798573975,0,0
OTU_0577,0,0,0,0,0,0,0,0,0,0,0,0,0,0,0,0,0,0,0,0,0,0,0,0,0,0.000530785562632696,0,0,0,0,0,0,0,0,0,0,0,0,0
OTU_0578,0,0,0,0,0,0,0,0,0,0,0,0,0,0,0,0,0,0,0.00251466890192791,0,0,0,0,0,0,0,0,0,0,0,0,0,0,0,0,0,0,0,0
OTU_0579,0,0,0,0,0,0,0,0,0,0,0,0,0,0,0,0,0,0,0,0,0,0,0,0,0,0,0,0,0,0,0,0,0,0.00135180804325786,0,0,0,0,0
OTU_0580,0,0,0,0,0,0.000991080277502478,0,0,0,0,0,0,0,0,0,0,0,0,0,0,0,0,0,0,0,0,0,0,0,0,0,0,0,0,0,0,0,0,0
OTU_0581,0,0,0,0,0,0,0,0,0.00381679389312977,0,0,0,0,0,0,0,0,0,0,0,0,0,0,0,0,0,0,0,0,0,0,0,0,0,0,0,0,0,0
OTU_0582,0,0,0,0,0,0,0,0,0,0,0,0,0,0,0,0,0,0,0,0,0,0,0,0,0,0,0,0,0,0,0,0,0,0,0,0,0.00133689839572193,0,0
OTU_0583,0,0,0,0,0,0,0,0,0,0,0,0,0,0,0,0,0,0,0,0,0,0,0,0,0,0.000530785562632696,0,0,0,0,0,0,0,0,0,0,0,0,0
OTU_0584,0,0,0,0,0,0,0,0,0,0,0,0,0,0,0,0,0,0,0,0,0,0,0,0,0,0,0,0,0,0,0.0048780487804878,0,0,0,0,0,0,0,0
OTU_0585,0,0,0,0.00098135426889107,0,0,0,0,0,0,0,0,0,0,0,0,0,0,0,0,0,0,0,0,0,0,0,0,0,0,0,0,0,0,0,0,0,0,0
OTU_0586,0,0,0,0,0,0,0,0,0.00763358778625954,0,0,0,0,0,0,0,0,0,0,0,0,0,0,0,0,0,0,0,0,0,0,0,0,0,0,0,0,0,0
OTU_0587,0,0,0,0,0,0,0,0,0,0,0,0,0,0,0,0,0.00192492781520693,0,0,0,0,0,0,0,0,0,0,0,0,0,0,0,0,0,0,0,0,0,0
OTU_0588,0,0,0,0,0,0,0,0.0909090909090909,0,0,0,0,0,0,0.0909090909090909,0,0,0,0,0,0,0,0,0,0,0,0,0,0,0,0,0,0,0,0,0,0,0,0
OTU_0589,0,0,0,0,0,0,0,0,0,0,0,0,0,0,0,0,0,0,0,0,0,0,0,0,0,0.000265392781316348,0,0,0,0,0,0,0,0,0,0,0,0,0
OTU_0590,0,0,0.0313253012048193,0,0,0,0,0,0,0,0,0,0,0,0,0,0,0,0,0,0,0,0,0,0,0,0,0,0,0,0,0,0,0,0,0,0,0,0
OTU_0591,0,0,0,0,0,0,0,0,0.00381679389312977,0,0,0,0,0,0,0,0,0,0,0,0,0,0,0,0,0,0,0,0,0,0,0,0,0,0,0,0,0,0
OTU_0592,0,0,0,0.00294406280667321,0,0,0,0,0,0,0,0,0,0,0,0,0,0,0,0,0,0,0,0,0,0,0,0,0,0,0,0,0,0,0,0,0,0,0
OTU_0593,0,0,0,0,0,0,0,0,0.00381679389312977,0,0,0,0,0,0,0,0,0,0,0,0,0,0,0,0,0,0,0,0,0,0,0,0,0,0,0,0,0,0
OTU_0594,0,0,0,0,0,0.00297324083250743,0,0,0,0,0,0,0,0,0,0,0,0,0,0,0,0,0,0,0,0,0,0,0,0,0,0,0,0,0,0,0,0,0
OTU_0595,0,0,0,0,0,0,0,0,0,0,0,0,0,0,0,0,0,0,0,0,0,0,0,0,0,0.00106157112526539,0,0,0,0,0,0,0,0,0,0,0,0,0
OTU_0596,0,0,0,0,0,0,0,0,0.00381679389312977,0,0,0,0,0,0,0,0,0,0,0,0,0,0,0,0,0,0,0,0,0,0,0,0,0,0,0,0,0,0
OTU_0597,0,0,0,0,0,0,0,0,0.00381679389312977,0,0,0,0,0,0,0,0,0,0,0,0,0,0,0,0,0,0,0,0,0,0,0,0,0,0,0,0,0,0
OTU_0598,0,0,0,0,0,0,0,0,0,0,0.0125523012552301,0,0,0,0,0,0,0,0,0,0,0,0,0,0,0,0,0,0,0,0,0,0,0,0,0,0,0,0
OTU_0599,0,0,0,0,0,0,0,0,0,0,0,0,0,0,0,0,0,0,0,0,0,0,0,0,0.00127469725940089,0,0,0,0,0,0,0,0,0,0,0,0,0,0
OTU_0600,0,0,0,0,0,0,0,0,0.00381679389312977,0,0,0,0,0,0,0,0,0,0,0,0,0,0,0,0,0,0,0,0,0,0,0,0,0,0,0,0,0,0
OTU_0601,0,0,0,0,0,0,0,0,0,0,0,0.00468384074941452,0,0,0,0,0,0,0,0,0,0,0,0,0,0,0,0,0,0,0,0,0,0,0,0,0,0,0
OTU_0602,0,0,0,0,0,0,0,0,0.00763358778625954,0,0,0,0,0,0,0,0,0,0,0,0,0,0,0,0,0,0,0,0,0,0,0,0,0,0,0,0,0,0
OTU_0603,0,0,0,0,0,0,0,0,0,0,0,0,0,0,0,0,0,0,0,0,0,0,0,0,0,0,0,0,0,0,0,0,0,0.00270361608651571,0,0,0,0,0
OTU_0604,0,0,0,0,0,0.00297324083250743,0,0,0,0,0,0,0,0,0,0,0,0,0,0,0,0,0,0,0,0,0,0,0,0,0,0,0,0,0,0,0,0,0
OTU_0605,0,0,0,0,0,0,0,0,0.00381679389312977,0,0,0,0,0,0,0,0,0,0,0,0,0,0,0,0,0,0,0,0,0,0,0,0,0,0,0,0,0,0
OTU_0606,0,0,0,0,0,0,0,0,0,0,0,0,0,0,0,0,0,0.0566037735849057,0,0,0,0,0,0,0,0,0,0,0,0,0,0,0,0,0,0,0,0,0
OTU_0607,0,0,0,0,0,0,0,0,0,0,0,0,0,0,0,0,0.000962463907603465,0,0,0,0,0,0,0,0,0,0,0,0,0,0,0,0,0,0,0,0,0,0
OTU_0608,0.00116686114352392,0,0,0,0,0,0,0,0,0,0,0,0,0,0,0,0,0,0,0,0,0,0,0,0,0,0,0,0,0,0,0,0,0,0,0,0,0,0
OTU_0609,0,0,0,0,0,0,0,0,0,0,0,0,0,0,0,0,0,0,0,0,0,0,0,0,0,0.000530785562632696,0,0,0,0,0,0,0,0,0,0,0,0,0
OTU_0610,0,0,0,0,0,0,0,0,0,0,0,0,0,0,0,0,0,0,0,0,0,0,0,0,0,0,0,0,0,0,0,0,0,0,0,0,0.00133689839572193,0,0
OTU_0611,0,0,0,0,0,0,0,0,0,0,0,0,0,0,0,0,0,0,0,0,0,0,0,0,0,0,0,0,0,0,0,0.0178571428571429,0,0,0,0,0,0,0
OTU_0612,0,0,0,0,0,0,0,0,0,0,0.00418410041841004,0,0,0,0,0,0,0,0,0,0,0,0,0,0,0,0,0,0,0,0,0,0,0,0,0,0,0,0
OTU_0613,0,0,0,0.00196270853778214,0,0,0,0,0,0,0,0,0,0,0,0,0,0,0,0,0,0,0,0,0,0,0,0,0,0,0,0,0,0,0,0,0,0,0
OTU_0614,0,0,0,0,0.00261324041811847,0,0,0,0,0,0,0,0,0,0,0,0,0,0,0,0,0,0,0,0,0,0,0,0,0,0,0,0,0,0,0,0,0,0
OTU_0615,0.00233372228704784,0,0,0,0,0,0,0,0,0,0,0,0,0,0,0,0,0,0,0,0,0,0,0,0,0,0,0,0,0,0,0,0,0,0,0,0,0,0
OTU_0616,0,0,0,0,0.00696864111498258,0,0,0,0,0,0,0,0,0,0,0,0,0,0,0,0,0,0,0,0,0,0,0,0,0,0,0,0,0,0,0,0,0,0
OTU_0617,0,0,0,0,0,0,0,0,0.00381679389312977,0,0,0,0,0,0,0,0,0,0,0,0,0,0,0,0,0,0,0,0,0,0,0,0,0,0,0,0,0,0
OTU_0618,0,0,0,0,0,0,0,0,0,0,0,0,0,0,0,0,0,0,0,0,0,0,0,0,0,0.00796178343949045,0,0,0,0,0,0,0,0,0,0,0,0,0
