DATASET_MULTIBAR
SEPARATOR COMMA
DATASET_LABEL, abundance

#define colors for each individual field column (use hexadecimal, RGB or RGBA notation; if using RGB/RGBA, COMMA cannot be used as SEPARATOR)
FIELD_COLORS,#ffe119,#3cb44b,#0082c8,#ffe119,#f58231,#ffe119,#911eb4,#d2f53c,#911eb4,#008080,#fabebe,#46f0f0,#aa6e28,#808000,#d2f53c,#3cb44b,#ffe119,#ffd8b1,#ffe119,#808080,#aaffc3,#aa6e28,#000080,#ffd8b1,#f58231,#f58231,#FFFFFF,#808080,#808000,#008080,#46f0f0,#000080,#808000,#e6194b,#fabebe,#f58231,#e6194b,#f58231,#808080
FIELD_LABELS,cen04,Iowa_agricultural01.3,Permafrost_Russia13.3,cen05,cen06,cen07,Mangrove70.3,Illinois_soil91.3,Mangrove02.3,Illinois_soybean40.3,Disney_preserve18.3,Permafrost_Canada23.3,California_grassland62.3,Brazilian_forest39.3,Illinois_soil88.3,Iowa_agricultural00.3,cen01,Iowa_corn22.3,cen03,Iowa_prairie76.3,cen17,California_grassland15.3,Minnesota_creek45.3,Iowa_corn23.3,cen15,cen16,Wyoming_soil22.3,Iowa_prairie72.3,Brazilian_forest54.3,Illinois_soybean42.3,Permafrost_Canada45.3,Minnesota_creek46.3,Brazilian_forest95.3,cen10,Disney_preserve25.3,cen14,cen13,cen12,Iowa_prairie75.3

#dataset scale: you can simply set the values where the scale will be drawn
DATASET_SCALE,0.00,0.015,0.03,0.06

LEGEND_TITLE,Sample
LEGEND_SHAPES,1,1,1,1,1,1,1,1,1,1,1,1,1,1,1,1,1
LEGEND_COLORS,#808000,#aa6e28,#f58231,#e6194b,#ffe119,#aaffc3,#fabebe,#d2f53c,#008080,#3cb44b,#ffd8b1,#808080,#911eb4,#000080,#46f0f0,#0082c8,#FFFFFF
LEGEND_LABELS,Brazilian forest,California grassland,Centralia active (<50C),Centralia active (>50C),Centralia recovered,Centralia reference,Disney preserve,Illinois soil,Illinois soybean,Iowa agricultural,Iowa corn,Iowa prairie,Mangrove,Minnesota creek,Permafrost Canada,Permafrost Russia,Wyoming soil

DATA
OTU_0001,0,0,0,0,0,0,0,0,0,0,0,0.00862068965517241,0,0,0,0,0,0,0,0,0,0,0,0,0,0,0,0,0,0,0.00789473684210526,0,0,0,0,0,0,0,0
OTU_0002,0,0,0,0,0.0019723865877712,0,0,0,0,0,0,0,0,0,0,0,0,0,0,0,0,0,0,0,0.0205434062292909,0,0,0,0,0,0,0,0,0,0,0,0,0.00375058602906704,0
OTU_0003,0,0,0,0,0,0,0,0,0,0,0,0,0,0,0,0,0,0,0,0,0,0,0,0,0,0,0,0,0,0,0.0421052631578947,0,0,0,0,0,0,0,0
OTU_0004,0,0,0,0.00134228187919463,0.000986193293885602,0,0,0,0,0,0,0,0,0,0,0,0.00116822429906542,0,0,0,0,0,0,0,0,0,0,0,0,0,0,0,0,0,0,0,0,0,0
OTU_0005,0,0,0,0,0,0,0,0,0,0,0,0,0,0,0,0,0,0,0,0,0,0,0,0,0,0,0,0,0,0,0.0131578947368421,0,0,0,0,0,0,0,0
OTU_0006,0,0,0,0,0,0,0,0,0,0,0,0,0,0,0,0,0,0,0,0,0,0,0,0,0.00795228628230616,0,0,0,0,0,0,0,0,0,0,0.00112676056338028,0,0.0131270511017346,0
OTU_0007,0,0,0,0,0,0.00113636363636364,0,0,0,0,0,0,0,0,0,0,0,0,0,0,0,0,0,0,0,0,0,0,0,0,0,0,0,0,0,0,0,0,0
OTU_0008,0.00313479623824451,0,0,0.00134228187919463,0,0,0,0,0,0,0,0,0,0,0,0,0,0,0,0,0,0,0,0,0,0,0,0,0,0,0,0,0,0,0,0,0,0,0
OTU_0009,0,0,0,0,0,0,0,0,0,0,0,0,0,0,0,0,0,0,0,0,0.00389105058365759,0,0,0,0,0,0,0,0,0,0,0,0,0,0,0,0,0,0
OTU_0010,0.00470219435736677,0,0,0,0,0,0,0,0,0,0,0,0,0,0,0,0,0,0,0,0,0,0,0,0,0,0,0,0,0,0,0,0,0,0,0,0,0,0
OTU_0011,0,0,0,0,0,0,0,0,0,0,0,0.0028735632183908,0,0,0,0,0,0,0,0,0,0,0,0,0,0,0,0,0,0,0.0157894736842105,0,0,0,0,0,0,0,0
OTU_0012,0.00156739811912226,0,0,0.00134228187919463,0.00690335305719921,0,0,0,0,0,0,0,0,0,0,0,0,0,0,0,0,0,0,0,0,0,0,0,0,0,0,0,0,0,0,0,0,0,0
OTU_0013,0.00470219435736677,0,0,0.00268456375838926,0,0,0,0,0,0,0,0,0,0,0,0,0,0,0,0,0,0,0,0,0,0,0,0,0,0,0,0,0,0,0,0,0,0,0
OTU_0014,0.00470219435736677,0,0,0,0,0,0,0,0,0,0,0,0,0,0,0,0,0,0,0,0,0,0,0,0,0,0,0,0,0,0,0,0,0,0,0,0,0,0
OTU_0015,0.00156739811912226,0,0,0,0,0,0,0,0,0,0,0,0,0,0,0,0,0,0,0,0.00389105058365759,0,0,0,0,0,0,0,0,0,0,0,0,0,0,0,0,0,0
OTU_0016,0.00313479623824451,0,0,0.00134228187919463,0,0,0,0,0,0,0,0,0,0,0,0,0,0,0,0,0,0,0,0,0,0,0,0,0,0,0,0,0,0,0,0,0,0,0
OTU_0017,0,0,0,0,0,0,0.00327868852459016,0,0.00471698113207547,0,0,0,0,0,0,0,0,0,0,0,0,0,0,0,0,0,0,0,0,0,0,0,0,0,0,0,0,0,0
OTU_0018,0,0,0,0.00134228187919463,0,0.00113636363636364,0,0,0,0,0,0,0,0,0,0,0,0,0,0,0,0,0,0,0,0,0,0,0,0,0,0,0,0,0,0,0,0,0
OTU_0019,0,0,0,0,0,0,0,0.0204081632653061,0,0,0,0,0,0,0.0204081632653061,0,0,0,0,0,0,0,0,0,0,0,0,0,0,0,0,0,0,0,0,0,0,0,0
OTU_0020,0,0,0,0,0,0,0.00655737704918033,0,0,0,0,0,0,0,0,0,0,0,0,0,0,0,0,0,0,0,0,0,0,0,0,0,0,0,0,0,0,0.00046882325363338,0
OTU_0021,0,0,0,0,0,0,0,0,0,0,0,0,0,0,0,0,0,0,0,0,0,0,0,0,0,0.000598086124401914,0,0,0,0,0,0,0,0,0,0,0,0,0
OTU_0022,0,0,0,0,0,0,0,0,0,0,0,0.00862068965517241,0,0,0,0,0,0,0,0,0,0,0,0,0,0,0,0,0,0,0,0,0,0,0,0,0,0,0
OTU_0023,0,0,0,0,0,0,0,0,0,0,0,0,0,0,0,0,0.00116822429906542,0,0,0,0,0,0,0,0,0,0,0,0,0,0,0,0,0,0,0,0,0,0
OTU_0024,0,0,0,0,0,0,0,0,0,0,0,0,0,0,0,0,0.00116822429906542,0,0,0,0,0,0,0,0,0,0,0,0,0,0,0,0,0,0,0,0,0,0
OTU_0025,0,0,0,0,0,0,0,0,0,0,0,0,0,0,0,0,0.00116822429906542,0,0,0,0,0,0,0,0,0,0,0,0,0,0,0,0,0,0,0,0,0,0
OTU_0026,0,0,0,0,0,0,0,0,0,0,0.0075187969924812,0,0,0,0,0,0,0,0,0,0,0,0,0,0,0,0,0,0,0,0,0,0,0,0,0,0,0,0
OTU_0027,0,0,0,0,0,0,0,0,0,0,0,0,0,0,0,0,0,0,0.00105374077976818,0,0,0,0,0,0,0,0,0,0,0,0,0,0,0,0,0,0,0,0
OTU_0028,0,0,0,0,0,0,0,0,0,0,0,0,0,0,0,0,0,0,0,0,0,0,0,0,0,0.000299043062200957,0,0,0,0,0,0,0,0,0,0,0,0,0
OTU_0029,0,0,0,0,0,0,0,0,0,0,0,0,0,0,0,0,0,0,0,0,0,0,0,0,0,0,0,0,0,0,0.00263157894736842,0,0,0,0,0,0,0,0
OTU_0030,0,0,0,0,0,0,0,0,0,0,0,0,0,0,0,0,0,0,0,0,0,0,0,0,0,0,0,0,0,0,0,0,0,0,0,0,0,0.00093764650726676,0
OTU_0031,0,0,0,0,0,0,0,0,0,0,0,0.0028735632183908,0,0,0,0,0,0,0,0,0,0,0,0,0,0,0,0,0,0,0,0,0,0,0,0,0,0,0
OTU_0032,0,0,0,0,0,0,0,0,0,0,0,0,0,0,0,0,0,0,0,0,0,0,0,0,0,0.000299043062200957,0,0,0,0,0,0,0,0,0,0,0,0,0
OTU_0033,0,0,0,0,0,0,0,0,0.00471698113207547,0,0,0,0,0,0,0,0,0,0,0,0,0,0,0,0,0,0,0,0,0,0,0,0,0,0,0,0,0,0
OTU_0034,0,0,0,0,0,0,0,0,0,0,0,0,0,0,0,0,0,0,0,0,0,0,0,0,0,0.0104665071770335,0,0,0,0,0,0,0,0,0,0,0,0,0
OTU_0035,0,0,0,0,0.000986193293885602,0,0,0,0,0,0,0,0,0,0,0,0,0,0,0,0,0,0,0,0,0,0,0,0,0,0,0,0,0,0,0,0,0,0
OTU_0036,0.00156739811912226,0,0,0,0,0,0,0,0,0,0,0,0,0,0,0,0,0,0,0,0,0,0,0,0,0,0,0,0,0,0,0,0,0,0,0,0,0,0
OTU_0037,0,0,0,0,0.000986193293885602,0,0,0,0,0,0,0,0,0,0,0,0,0,0,0,0,0,0,0,0,0,0,0,0,0,0,0,0,0,0,0,0,0,0
OTU_0038,0,0,0,0,0,0,0,0,0,0,0,0,0,0,0,0.024390243902439,0,0,0,0,0,0,0,0,0,0,0,0,0,0,0,0,0,0,0,0,0,0,0
OTU_0039,0,0,0,0,0,0,0,0.0204081632653061,0,0,0,0,0,0,0.0204081632653061,0,0,0,0,0,0,0,0,0,0,0,0,0,0,0,0,0,0,0,0,0,0,0,0
OTU_0040,0,0,0.00304878048780488,0,0,0,0,0,0,0,0,0,0,0,0,0,0,0,0,0,0,0,0,0,0,0,0,0,0,0,0,0,0,0,0,0,0,0,0
OTU_0041,0,0,0,0,0,0,0.00327868852459016,0,0,0,0,0,0,0,0,0,0,0,0,0,0,0,0,0,0,0,0,0,0,0,0,0,0,0,0,0,0,0,0
OTU_0042,0,0,0,0,0.000986193293885602,0,0,0,0,0,0,0,0,0,0,0,0,0,0,0,0,0,0,0,0,0,0,0,0,0,0,0,0,0,0,0,0,0,0
OTU_0043,0,0,0,0.00134228187919463,0,0,0,0,0,0,0,0,0,0,0,0,0,0,0,0,0,0,0,0,0,0,0,0,0,0,0,0,0,0,0,0,0,0,0
OTU_0044,0,0,0,0,0,0,0,0,0,0,0,0.0028735632183908,0,0,0,0,0,0,0,0,0,0,0,0,0,0,0,0,0,0,0,0,0,0,0,0,0,0,0
OTU_0045,0,0,0,0,0,0,0,0,0,0,0,0,0,0,0,0,0,0,0.00105374077976818,0,0,0,0,0,0,0,0,0,0,0,0,0,0,0,0,0,0,0,0
OTU_0046,0,0,0,0,0,0,0,0,0,0,0,0,0,0,0,0,0,0,0,0,0,0,0,0,0,0,0,0,0,0,0.00789473684210526,0,0,0,0,0,0,0,0
OTU_0047,0,0,0,0,0,0,0,0.0408163265306122,0,0,0,0,0,0,0.0408163265306122,0,0,0,0,0,0,0,0,0,0,0,0,0,0,0,0,0,0,0,0,0,0,0,0
OTU_0048,0,0,0,0,0,0,0,0,0.00471698113207547,0,0,0,0,0,0,0,0,0,0,0,0,0,0,0,0,0,0,0,0,0,0,0,0,0,0,0,0,0,0
OTU_0049,0,0,0,0,0,0.00113636363636364,0,0,0,0,0,0,0,0,0,0,0,0,0,0,0,0,0,0,0,0,0,0,0,0,0,0,0,0,0,0,0,0,0
OTU_0050,0,0,0,0,0,0,0,0,0,0,0,0,0,0,0,0,0,0,0.00105374077976818,0,0,0,0,0,0,0,0,0,0,0,0,0,0,0,0,0,0,0,0
OTU_0051,0,0,0,0,0,0.0238636363636364,0,0,0,0,0,0,0,0,0,0,0,0,0,0,0,0,0,0,0,0,0,0,0,0,0,0,0,0,0,0,0,0,0
OTU_0052,0,0,0,0,0,0,0,0,0,0,0,0,0,0,0,0,0,0,0.00210748155953635,0,0,0,0,0,0,0,0,0,0,0,0,0,0,0,0,0,0,0,0
OTU_0053,0,0,0,0,0,0,0.00327868852459016,0,0,0,0,0,0,0,0,0,0,0,0,0,0,0,0,0,0,0,0,0,0,0,0,0,0,0,0,0,0,0,0
OTU_0054,0,0,0,0,0,0,0,0,0,0,0,0,0,0,0,0,0.00116822429906542,0,0,0,0,0,0,0,0,0,0,0,0,0,0,0,0,0,0,0,0,0,0
OTU_0055,0,0,0,0,0,0.00113636363636364,0,0,0,0,0,0,0,0,0,0,0,0,0,0,0,0,0,0,0,0,0,0,0,0,0,0,0,0,0,0,0,0,0
OTU_0056,0,0,0,0,0,0,0,0,0,0,0,0,0,0,0,0,0,0,0,0,0,0,0,0,0,0.000299043062200957,0,0,0,0,0,0,0,0,0,0,0,0,0
OTU_0057,0.00156739811912226,0,0,0,0,0,0,0,0,0,0,0,0,0,0,0,0,0,0,0,0,0,0,0,0,0,0,0,0,0,0,0,0,0,0,0,0,0,0
OTU_0058,0.00156739811912226,0,0,0,0,0,0,0,0,0,0,0,0,0,0,0,0,0,0,0,0,0,0,0,0,0,0,0,0,0,0,0,0,0,0,0,0,0,0
OTU_0059,0,0,0,0,0,0,0,0,0,0,0,0,0,0,0,0,0,0,0,0,0.00389105058365759,0,0,0,0,0,0,0,0,0,0,0,0,0,0,0,0,0,0
OTU_0060,0,0,0,0,0,0,0.00327868852459016,0,0,0,0,0,0,0,0,0,0,0,0,0,0,0,0,0,0,0,0,0,0,0,0,0,0,0,0,0,0,0,0
OTU_0061,0,0,0,0.00134228187919463,0,0,0,0,0,0,0,0,0,0,0,0,0,0,0,0,0,0,0,0,0,0,0,0,0,0,0,0,0,0,0,0,0,0,0
OTU_0062,0,0,0,0,0,0,0,0,0.00471698113207547,0,0,0,0,0,0,0,0,0,0,0,0,0,0,0,0,0,0,0,0,0,0,0,0,0,0,0,0,0,0
OTU_0063,0,0,0,0,0,0,0,0,0,0,0,0,0,0,0,0,0,0,0,0,0,0,0,0,0,0,0,0,0,0,0,0,0,0.00035880875493362,0,0,0,0,0
OTU_0064,0,0,0,0,0,0,0,0,0,0,0,0,0,0,0,0,0,0,0,0,0,0,0,0,0,0,0,0,0,0,0,0,0,0,0,0,0,0.00046882325363338,0
